# Absorption spectrum
# exc. energy / eV    osc. strength
4.69914031436907     0.10145973483317
4.94777659504732     0.00000052455276
4.94895381086483     0.00000000000000
4.95024006568705     0.00000000000027
4.95041359568979     0.00000034094333
4.95205399026553     0.00000000034698
4.95210558823845     0.00000302654436
4.95265651489819     0.00000587116538
4.95298142250575     0.00000000000565
4.95336586922948     0.00000000002849
4.95371773224795     0.00000190900203
4.95438946225082     0.00000000280598
4.95439822652943     0.00002723840649
4.95522599102404     0.00000484810597
4.95685230310436     0.00000000001166
4.95758099075574     0.00000000000303
4.95809630927462     0.00000000064332
4.95817751026485     0.00002927360377
4.95872611749105     0.00000291044579
4.95967883442039     0.00000264794837
4.96056272948697     0.00000361282390
4.96185834092388     0.00000003293938
4.96186719375351     0.00001191667794
4.96242041563325     0.00000000001337
4.96372361420810     0.00000344361914
4.96471518624058     0.00000000000145
4.96587218421394     0.00000000000018
4.96661080745184     0.00002143110842
4.96746183656860     0.00000000001031
4.96835141044652     0.00000070522937
4.96938514657755     0.00000000000006
4.96972351568460     0.00001303733756
4.97145973519466     0.00000000000873
4.97187765929794     0.00000460562163
4.97220361813568     0.00000000001080
4.97458980971986     0.00000251142861
4.97531537179693     0.00000000000037
4.97599730079623     0.00000000000303
4.97657082086644     0.00000254903717
4.97786244736906     0.00000000000074
4.97799728627558     0.00000021449531
4.97837540766432     0.00000003353904
4.97847464743438     0.00000000000002
4.97939644681154     0.00000000000002
4.97987064551365     0.00000000000013
4.98041508966349     0.00000001510287
4.98076762937159     0.00000072611989
4.98202782995785     0.00000000000029
4.98273918708298     0.00000159133488
4.98339894669359     0.00000024664296
4.98397658023851     0.00000000000022
4.98508591065834     0.00000000000034
4.98567632952931     0.00000157368009
4.98620238273881     0.00000000000029
4.98654982458344     0.00000084020431
4.98745158630946     0.00000000001446
4.98791177455020     0.00000973888231
4.98803439037991     0.00000000002067
4.98921763579533     0.00000000013447
4.98948881407625     0.00003529128678
4.99022175441145     0.00000000000035
4.99067103839384     0.00002223539864
4.99204410859589     0.00018906179869
4.99232767314475     0.00000000003131
4.99264119227324     0.00008978168358
4.99313342531227     0.00003144108600
4.99394739733288     0.00000000000061
4.99426055699848     0.00000000002322
4.99476438568857     0.00000000291644
4.99505613290979     0.00000000004142
4.99556677567122     0.00001123418059
4.99600830705058     0.00001707517461
4.99617036736372     0.00000000000058
4.99770014599471     0.00000000016870
4.99807397145403     0.00004866524825
4.99826916886349     0.00000000131727
4.99917159847623     0.00000391619760
5.00023430427619     0.00001546045278
5.00025436242883     0.00000000499272
5.00154564551397     0.00000000001507
5.00223182541034     0.00000618494054
5.00364403636831     0.00002239150555
5.00551183675215     0.00000000000181
5.00779400055215     0.00000000000073
5.00954410678689     0.00000000000145
5.01038649752667     0.00000191802260
5.01041924937719     0.00000000004392
5.01061149741563     0.00000475173468
5.01118958365033     0.00000192693794
5.01119482703776     0.00000000006789
5.01180877342395     0.00000078283197
5.01289391861289     0.00000832825419
5.01328300306141     0.00000000000033
5.01393070547944     0.00008699026805
5.01422025508676     0.00000000001090
5.01472207629952     0.00000000371734
5.01476691699083     0.00006598771088
5.01497983460629     0.00016708553425
5.01581816239830     0.00000000000082
5.01668116527126     0.00003965401698
5.01678362065151     0.00000000037465
5.01768232843169     0.00000000001309
5.01813844057127     0.00001595045501
5.01877281694559     0.00000000000229
5.01929131344368     0.00013598134412
5.02057474459339     0.00000319787392
5.02086300012648     0.00000000013080
5.02360096674465     0.00000000001511
5.02410718975538     0.00000736739249
5.02449873889519     0.00000032057891
5.02463208451421     0.00000000000890
5.02643686264944     0.00000000001899
5.02696238846215     0.00000415147455
5.02844590515799     0.00000000000790
5.02911934196510     0.00000007377458
5.02933628020194     0.00000000000091
5.03056363438671     0.00000583084208
5.03164153526521     0.00000000001059
5.03187972094003     0.00001898439192
5.03312019759344     0.00000000008528
5.03328955974062     0.00000511242546
5.03405182250784     0.00000000000871
5.03418857869211     0.00000009346091
5.03447015164566     0.00003023327828
5.03532866835846     0.00000000000095
5.03589621775093     0.00000000000032
5.03681510167004     0.00000000000584
5.03708632365226     0.00000710825312
5.03741940910020     0.00000000000642
5.03779060902452     0.00000472924727
5.03868665475688     0.00000000005911
5.03875325772351     0.00001074552373
5.03929933094340     0.00000000001865
5.03971142960093     0.00006566374985
5.03996390859929     0.00000000032945
5.04071860735872     0.00000000002684
5.04116402117725     0.00016930566044
5.04142687687280     0.00026654172025
5.04201570249357     0.00009817254160
5.04320810392608     0.00036044941434
5.04335132233805     0.00000000041685
5.04465226769623     0.00010519329884
5.04487208097539     0.00000000015889
5.04519253224454     0.00000031916445
5.04656529329963     0.00000000007849
5.04709144498888     0.00000000001162
5.04726897010704     0.00003572257333
5.04801056639781     0.00000000001893
5.04840684446445     0.00003821028893
5.04882320364390     0.00000091860922
5.04886925962474     0.00000000005683
5.04909399821218     0.00000000001085
5.04940617290086     0.00000000000058
5.04971802708116     0.00000763770617
5.04979529260865     0.00000000015692
5.05079063534093     0.00002704539130
5.05079694766030     0.00000004489981
5.05139214330969     0.00000450722557
5.05196092552548     0.00000466958934
5.05245020217912     0.00000000050173
5.05318717968442     0.00205997640900
5.05343168824156     0.00123953286277
5.05367856137426     0.00000000018550
5.05443713884264     0.00371650252516
5.05455839765560     0.00021914149160
5.05481485353353     0.00000000931222
5.05521165699625     0.00000000084324
5.05540157214330     0.00295707908307
5.05580685849880     0.00048932030465
5.05603372247548     0.00000000009029
5.05670346741636     0.00000000003739
5.05680819858005     0.00008865220105
5.05760355338929     0.00000333151867
5.05780767728991     0.00000000001883
5.05869803220428     0.00002858777364
5.05899260591597     0.00000000000000
5.06032835310598     0.00001666659746
5.06061611168601     0.00030746236195
5.06098394515124     0.00000000002063
5.06193255115249     0.00004553218116
5.06234242403981     0.00000000000001
5.06279885678630     0.00000000000126
5.06395482115932     0.00003514374307
5.06490059280695     0.00002607978119
5.06591385751911     0.00000000001726
5.06645983863756     0.00006607963535
5.06696681787366     0.00000000000550
5.06831088749742     0.00000000000030
5.06960475154483     0.00000217958501
5.07091186823260     0.00000000065248
5.07092088444293     0.00000662578994
5.07221690231976     0.00002988560733
5.07232613841073     0.00000000008816
5.07408665076065     0.00000000000072
5.07896472832149     0.00001054596674
5.08021808436071     0.00000929889086
5.08024788372052     0.00000000007043
5.08134793896459     0.00000000000024
5.08265749538619     0.00000000000056
5.08305886596521     0.00000208357106
5.08884886487786     0.00000000000000
5.08985741981767     0.00000010076456
5.09940127277417     0.00000000000000
5.10175489214182     0.00014987694713
5.15373974151082     0.00000000000001
5.15401782819835     0.00000010729381
5.15431123710919     0.00000015349347
5.15434401899210     0.00000000001739
5.15434673881588     0.00000010491786
5.15439283614522     0.00000000000127
5.15451183627549     0.00000005818600
5.15452848199081     0.00000000000066
5.15457359387897     0.00000000000091
5.15469561901260     0.00000087548486
5.15472361657845     0.00000000000008
5.15473080812191     0.00000000074023
5.15482364457439     0.00000000080409
5.15487390228221     0.00000000000679
5.15489200778777     0.00000000000150
5.15492916689576     0.00000072903526
5.15496624914971     0.00000009173955
5.15503723733323     0.00000000000049
5.15504643515364     0.00000002746207
5.15512203746549     0.00000000000238
5.15520733569314     0.00000000003606
5.15523821401346     0.00000078983712
5.15526249352959     0.00000000617716
5.15538543863522     0.00000120248415
5.15539411421635     0.00000000218600
5.15543110137966     0.00000230726219
5.15554249489198     0.00000000002749
5.15556698793917     0.00000028130638
5.15557935553765     0.00000000003297
5.15567509395041     0.00000000000445
5.15573877247698     0.00000032442280
5.15580300762616     0.00000023814899
5.15582792953743     0.00000000000903
5.15587478959275     0.00000000002069
5.15592708066587     0.00000052866375
5.15595985218960     0.00000078095146
5.15599084984398     0.00000000008677
5.15604540798982     0.00000458274387
5.15609687410400     0.00000000000078
5.15616869686159     0.00000050910239
5.15617289867470     0.00000000002936
5.15621947808441     0.00000045648175
5.15622291672658     0.00000000004212
5.15634174119166     0.00000000000107
5.15650970452567     0.00000000003283
5.15653758847296     0.00000065681705
5.15660854920618     0.00000070472015
5.15662370978678     0.00000000002184
5.15667026048407     0.00000109745792
5.15678356367549     0.00000154112579
5.15681682745984     0.00000000000002
5.15686913597041     0.00000000000128
5.15691725887340     0.00000010251756
5.15699806834899     0.00000000000019
5.15702798534696     0.00000002587657
5.15705160308516     0.00000000000103
5.15707390760131     0.00000008538945
5.15715930887721     0.00000000000062
5.15723001807464     0.00000110642870
5.15726729244497     0.00000000000007
5.15735498044929     0.00000051715444
5.15746067084147     0.00000000000269
5.15746322502065     0.00000000001046
5.15768462598441     0.00000000000003
5.15771779405059     0.00000016436590
5.15784451198736     0.00000000000089
5.15786135414109     0.00000000000384
5.15795321278723     0.00000001729421
5.15797306637480     0.00000000000023
5.15799676778683     0.00000104753857
5.15816926760186     0.00000000000016
5.15820325136976     0.00000393321507
5.15824184870584     0.00000000000000
5.15828839247229     0.00000000000066
5.15836209312151     0.00000000000000
5.15840341033272     0.00000136418977
5.15841374930741     0.00000000029217
5.15848817544231     0.00000125338217
5.15860602346752     0.00000000001395
5.15865658778841     0.00000006450046
5.15881890977816     0.00000087725923
5.15884491702628     0.00000063194181
5.15884956788041     0.00000000014255
5.15888022136694     0.00000000001857
5.15900719087351     0.00002256780951
5.15910583232973     0.00000000001502
5.15913658982272     0.00002143229044
5.15925223829760     0.00000037799891
5.15926380509717     0.00000000000927
5.15937646201469     0.00001837906587
5.15941892982361     0.00002552477733
5.15947632310840     0.00000028177272
5.15954271093398     0.00000000000501
5.15969873270201     0.00000682473182
5.15970143359077     0.00000001753387
5.15975382054377     0.00004220153380
5.15981722378895     0.00000131305109
5.15994563943925     0.00000000003127
5.16001235811662     0.00000000000135
5.16009329387923     0.00001378504757
5.16010319656372     0.00000000013663
5.16023100226386     0.00000000011824
5.16025894787048     0.00002032837091
5.16053622247254     0.00005190049463
5.16057319796111     0.00000000010762
5.16070197746737     0.00001098640947
5.16071272528421     0.00000000126530
5.16094556005364     0.00000000001080
5.16097899478774     0.00000000000008
5.16112898571416     0.00000087748760
5.16115356126991     0.00000000004308
5.16117161580002     0.00000000518774
5.16138457560424     0.00000402536963
5.16141728438992     0.00000000013489
5.16164011123624     0.00001375145975
5.16167277716526     0.00000000001836
5.16182464202728     0.00000000000006
5.16184630198314     0.00000000650531
5.16195725280722     0.00000403638807
5.16203888016678     0.00000696115423
5.16204235189125     0.00000000162402
5.16236253924233     0.00000000000000
5.16245690510537     0.00000000000047
5.16248204450715     0.00000181789466
5.16266472991135     0.00002732730843
5.16284554220223     0.00000000001368
5.16292722126711     0.00000000000041
5.16299635749495     0.00000929157447
5.16304088257916     0.00000000021638
5.16309826429898     0.00008222813967
5.16321387680088     0.00000000000161
5.16325455357257     0.00003687086827
5.16348978630070     0.00000016111945
5.16394058839820     0.00000585020907
5.16410754666231     0.00000000000502
5.16421681585026     0.00000213297452
5.16451036879553     0.00000000279105
5.16452879677899     0.00003574121643
5.16474732897332     0.00000000000012
5.16492012634461     0.00000103072737
5.16495301870434     0.00000000001856
5.16499689842903     0.00000390880655
5.16517154466396     0.00000000000135
5.16521875643345     0.00000000000209
5.16544653874604     0.00000016398895
5.16553366952954     0.00000000009321
5.16554370695043     0.00000343358362
5.16561007927053     0.00000000001964
5.16566390336876     0.00000024218325
5.16592728125078     0.00000000000125
5.16654211786808     0.00000034063308
5.16659704194694     0.00000000000444
5.16696325808412     0.00000000015817
5.16703010091571     0.00000000001251
5.16711833734887     0.00009520901774
5.16721573256853     0.00000081812732
5.16742893301617     0.00000000001228
5.16763316659822     0.00003177025050
5.16783337380652     0.00000000001029
5.16821477105096     0.00000048357697
5.16849629130731     0.00000056368151
5.16890794087215     0.00000343079064
5.16967367619637     0.00000000002884
5.16969067784729     0.00000417216034
5.16974038154952     0.00000560119383
5.16999703716840     0.00000000000001
5.17096832304257     0.00000000000001
5.17157310071004     0.00000000000025
5.17160693860532     0.00000000000164
5.17172163886422     0.00000220051097
5.17211693858487     0.00000000000034
5.17230136791997     0.00000704087106
5.17275364422800     0.00000059745855
5.17275549435980     0.00000000153696
5.17330960760006     0.00000000000002
5.17365684833677     0.00000004439450
5.17422429251325     0.00000000000064
5.17561964747000     0.00000000000000
5.17592448938986     0.00000000190853
5.17626610335511     0.00000014437091
5.17682226551378     0.00000000000022
5.17713498991798     0.00000019138703
5.17725815839094     0.00000000014723
5.17805978757213     0.00000000071374
5.17811542368248     0.00000000000000
5.17966030812305     0.00001410817721
5.17990154063923     0.00001998674957
5.18133054777528     0.00000000000008
5.18147456939380     0.00000064748875
5.18156294868971     0.00000000000000
5.18228863884241     0.00000000000000
5.18607075904320     0.00003467517647
5.18786980920092     0.00000000000001
5.18836470071276     0.00000000000002
5.18891315412481     0.00000010931018
5.18946732037200     0.00000000000001
5.18965342043490     0.00000009446650
5.19013943052814     0.00000003068350
5.19027902654289     0.00000000000000
5.19663091162700     0.00000000000000
5.19977890330577     0.00000000076878
5.20058882506681     0.00000000000000
5.20075152699832     0.00000000000000
5.53987649667375     0.00000000622917
5.53987911745754     0.00000000488159
5.57559566010598     0.00000000560995
5.57559825825841     0.00000000378018
5.57677027615980     0.00000000543932
5.57677283608269     0.00000000428358
5.57853279925481     0.00000000507147
5.57853532590643     0.00000000514881
5.58624030800135     0.00000000493012
5.58624507987985     0.00000000516005
5.59884223328115     0.00000000628263
5.59884483689770     0.00000000488940
5.60052246838694     0.00000000730385
5.60052500983173     0.00000000791748
5.60473500803318     0.00000000638209
5.60473757164811     0.00000000567291
5.60627153954010     0.00000000450929
5.60627867122961     0.00000000462474
5.61041964903592     0.00000000961369
5.61042176167541     0.00000001259939
5.61256954731328     0.00000000536450
5.61257669583707     0.00000000563938
5.61621244569651     0.00000000464945
5.61621359891546     0.00000000330498
5.61668230577953     0.00000000498969
5.61668343241534     0.00000000638799
5.61725514356610     0.00000000533808
5.61726231258087     0.00000000595531
5.61819974498071     0.00000000754919
5.61820105706481     0.00000000221343
5.62088960982828     0.00000000405576
5.62089231405298     0.00000000405955
5.62238602750830     0.00000000517997
5.62238862771896     0.00000000491932
5.62379750003148     0.00000000480319
5.62380007176025     0.00000000531508
5.62567490974795     0.00000000671832
5.62568203759023     0.00000000787464
5.62605115959100     0.00000000610639
5.62605368551999     0.00000000777772
5.62720022983364     0.00000000554320
5.62720283610142     0.00000000350860
5.62747249598418     0.00000000444350
5.62747513746412     0.00000000465049
5.62793046632760     0.00000000498966
5.62793301694452     0.00000000410996
5.62876990269801     0.00000000794009
5.62877200457521     0.00000000903215
5.62946158389906     0.00000000531105
5.62946433170078     0.00000000634479
5.62991402181305     0.00000000507890
5.62991660288300     0.00000000507246
5.63028095531784     0.00000000566799
5.63028347748901     0.00000000660947
5.63034052090181     0.00000000837920
5.63034197244571     0.00000000168874
5.63197214100147     0.00000000530398
5.63197466209996     0.00000000476949
5.63311444222109     0.00000000463329
5.63311696926986     0.00000000531837
5.63386521943970     0.00000000519018
5.63386629053065     0.00000000462252
5.63664360323375     0.00000000438146
5.63664618395675     0.00000000505938
5.63824795911585     0.00000001433428
5.63824853529919     0.00000000536842
5.63878947862514     0.00000000838694
5.63879206975724     0.00000000774172
5.63951183916320     0.00000000471217
5.63951444612514     0.00000000588723
5.63997137015531     0.00000000349629
5.63997845084144     0.00000000238267
5.63998290632331     0.00000001021084
5.63999137410143     0.00000000928639
5.64166390604165     0.00000000774016
5.64166601063357     0.00000000676206
5.64414228279129     0.00000000512832
5.64415064868639     0.00000000508818
5.64655368984621     0.00000000099105
5.64655678206088     0.00000000104950
5.64717709195528     0.00000001291831
5.64718348066016     0.00000001388348
5.65082860876384     0.00000000893063
5.65083559869090     0.00000000946761
5.65124491180596     0.00000000689311
5.65125188115236     0.00000000702729
5.65152942830003     0.00000000722081
5.65153149564436     0.00000000990040
5.65201219387394     0.00000000742165
5.65201915354504     0.00000000740514
5.65254195688952     0.00000000407666
5.65255031699713     0.00000000374451
5.65292584163542     0.00000000890675
5.65293283593020     0.00000000898890
5.65466392792229     0.00000000948503
5.65466652444512     0.00000000593002
5.65472095900638     0.00000000499985
5.65472785539120     0.00000000502689
5.65479858724089     0.00000000492147
5.65480036755940     0.00000000500033
5.65560435823160     0.00000000119592
5.65561014426170     0.00000000114712
5.65575740264138     0.00000000382075
5.65575840994102     0.00000000242000
5.65666278930238     0.00000001442626
5.65666601264846     0.00000001669725
5.65675500492087     0.00000000692586
5.65676320893566     0.00000000688358
5.65695232638052     0.00000000379721
5.65695416074016     0.00000000346971
5.65755827525300     0.00000000240145
5.65756526702772     0.00000000235397
5.65914078506253     0.00000000557524
5.65914337807767     0.00000000595973
5.65935717032764     0.00000000365331
5.65935819147000     0.00000000424096
5.65949684502468     0.00000000549807
5.65949754037231     0.00000001024549
5.65968867187884     0.00000000882713
5.65969567677868     0.00000000817131
5.66011157966497     0.00000000379627
5.66011346798965     0.00000000549929
5.66013824648799     0.00000000306893
5.66014111235006     0.00000000302271
5.66077555655411     0.00000000859686
5.66077758678394     0.00000000069980
5.66083445002061     0.00000000807675
5.66084269510139     0.00000000759311
5.66108504222138     0.00000000659826
5.66108601906456     0.00000000404733
5.66211647400076     0.00000000820258
5.66211853954213     0.00000000913740
5.66292063802215     0.00000000618462
5.66292270563438     0.00000000862779
5.66299255998459     0.00000001234696
5.66299385408644     0.00000000093758
5.66341674757829     0.00000000371977
5.66341967186973     0.00000000295738
5.66380079510551     0.00000000966123
5.66380347048461     0.00000001053878
5.66408298830969     0.00000000996594
5.66408562431397     0.00000000526473
5.66444978187315     0.00000000281075
5.66445280115428     0.00000000208945
5.66451424453214     0.00000000277748
5.66451609433157     0.00000000317772
5.66507870882053     0.00000000821922
5.66508696512946     0.00000000863788
5.66528858060697     0.00000000976135
5.66529113224960     0.00000001133711
5.66542534963372     0.00000000122464
5.66542794491696     0.00000000099014
5.66555115365070     0.00000000008355
5.66556008827633     0.00000000720332
5.66568009871713     0.00000000603105
5.66568709042677     0.00000000666971
5.66657244248760     0.00000000440062
5.66657316084815     0.00000001059259
5.66663882429522     0.00000000608578
5.66664089134696     0.00000000834841
5.66686031005250     0.00000000397430
5.66686730394594     0.00000000414909
5.66692669986839     0.00000000315259
5.66692772360689     0.00000000552132
5.66701133067858     0.00000000100429
5.66701374426675     0.00000000111324
5.66738888637393     0.00000000449457
5.66738999444117     0.00000000243263
5.66782013839122     0.00000000812977
5.66782711087401     0.00000000863518
5.66857600350856     0.00000000269339
5.66858306199460     0.00000000255869
5.66878210512964     0.00000000708031
5.66878424787957     0.00000000574904
5.66920229263395     0.00000000512870
5.66920672992450     0.00000000534493
5.66926477028505     0.00000000173165
5.66926544426943     0.00000000212896
5.66977927078972     0.00000000278498
5.66978240265269     0.00000000172051
5.66992233085308     0.00000000000020
5.66992900138493     0.00000000012666
5.66993455384617     0.00000000655918
5.66993688232770     0.00000000637271
5.67013450988328     0.00000000391413
5.67014293548312     0.00000000393447
5.67029485309875     0.00000000476638
5.67029751511343     0.00000000258139
5.67040317505645     0.00000000094293
5.67040877035319     0.00000000105076
5.67050908906564     0.00000000384884
5.67051158648709     0.00000000412064
5.67090353420731     0.00000000716858
