# Absorption spectrum
# exc. energy / eV    osc. strength
4.65584369667601     0.11288354061167
4.94777470013328     0.00000000305006
4.94895381086480     0.00000000000000
4.95024006568603     0.00000000000000
4.95041229273598     0.00000000316600
4.95205398844072     0.00000000002585
4.95209340431779     0.00000014610807
4.95263306832559     0.00000001892278
4.95298142248463     0.00000000000026
4.95336586911392     0.00000000000200
4.95370920888853     0.00000002306194
4.95429260804992     0.00000008762630
4.95438946323459     0.00000000000007
4.95520917203032     0.00000004682437
4.95685230305731     0.00000000000026
4.95758099074128     0.00000000000002
4.95806376564223     0.00000100485813
4.95809631542640     0.00000000011629
4.95871672489403     0.00000007364386
4.95966925615389     0.00000014844780
4.96054952929886     0.00000035074451
4.96181972060909     0.00000000203927
4.96185837088840     0.00000000000000
4.96242041559308     0.00000000000336
4.96371506378035     0.00000181252850
4.96471518625209     0.00000000000534
4.96587218421528     0.00000000000051
4.96683693964530     0.00010607967048
4.96746183676261     0.00000000011416
4.96834888824605     0.00000020906749
4.96938514657723     0.00000000000000
4.96999244449940     0.00012684719921
4.97145973523989     0.00000000003317
4.97195679532243     0.00004517199892
4.97220361843702     0.00000000021569
4.97466280352564     0.00003655653322
4.97531537179894     0.00000000000185
4.97599730081744     0.00000000001613
4.97656751623822     0.00000439363141
4.97786244737387     0.00000000000362
4.97799896520668     0.00000118241863
4.97837580951397     0.00000024277252
4.97847464745310     0.00000000000772
4.97939644684035     0.00000000001143
4.97987064551313     0.00000000000011
4.98043971751034     0.00000983492335
4.98076353852125     0.00000024210677
4.98202782995580     0.00000000000000
4.98272952251846     0.00000072185843
4.98339713698867     0.00000001352695
4.98397658023679     0.00000000000001
4.98508591065517     0.00000000000001
4.98566218765585     0.00000057956500
4.98620238273580     0.00000000000008
4.98654447723757     0.00000175680702
4.98745158600558     0.00000000000009
4.98774601299859     0.00000004052545
4.98803439021778     0.00000000000046
4.98884808891782     0.00000041973209
4.98921763722279     0.00000000000384
4.99017776803780     0.00000122431863
4.99022175444112     0.00000000000012
4.99094561707703     0.00000000108150
4.99232767308061     0.00000000000001
4.99247719151404     0.00000131808900
4.99307467554330     0.00000052451345
4.99394739733109     0.00000000000004
4.99426055691441     0.00000000000019
4.99476529466253     0.00000033498799
4.99505613269123     0.00000000000022
4.99550113548118     0.00000001389391
4.99593222809178     0.00000114436183
4.99617036737904     0.00000000000632
4.99770014229024     0.00000000006505
4.99779216830823     0.00000120921899
4.99826916561805     0.00000000000296
4.99914986271877     0.00000000011073
5.00014023440265     0.00000128129209
5.00025435712859     0.00000000003468
5.00154564540409     0.00000000000292
5.00218840681005     0.00000334403132
5.00345618731982     0.00000315973318
5.00551183673206     0.00000000000009
5.00779400053504     0.00000000000022
5.00950273361263     0.00002589723768
5.00954410787396     0.00000000068921
5.01041924482690     0.00000000007419
5.01042500598238     0.00000012875077
5.01075390170284     0.00000006981672
5.01119482683611     0.00000000000260
5.01123270103790     0.00000008770976
5.01181939429980     0.00000018558059
5.01294024770375     0.00000012991926
5.01328300306282     0.00000000000001
5.01419971955880     0.00000072263347
5.01422025541790     0.00000000001478
5.01472207817428     0.00000000001257
5.01483203783706     0.00000053972470
5.01581816239587     0.00000000000032
5.01642299399092     0.00000031983076
5.01678361988886     0.00000000000004
5.01768232799653     0.00000000000074
5.01780431232893     0.00000007496277
5.01842364029795     0.00000028544184
5.01877281696056     0.00000000000001
5.02055285986996     0.00000023112467
5.02086299906216     0.00000000000170
5.02313400687216     0.00000580974705
5.02360096743034     0.00000000000774
5.02434192272910     0.00000150599687
5.02451784241649     0.00000019453697
5.02463208492608     0.00000000000342
5.02643686285722     0.00000000000004
5.02700384641127     0.00000000697049
5.02844590521453     0.00000000000025
5.02911994637753     0.00000005205853
5.02933628020802     0.00000000000028
5.03059037573922     0.00000001492988
5.03164153530141     0.00000000000097
5.03195505651242     0.00000016568013
5.03312019785995     0.00000000000104
5.03330667185366     0.00000015790738
5.03405182253077     0.00000000000014
5.03418938968830     0.00000018665233
5.03456916930928     0.00000367698227
5.03532866836117     0.00000000000002
5.03589621775186     0.00000000000005
5.03681510168149     0.00000000000003
5.03710010790020     0.00000001084607
5.03741940911219     0.00000000000000
5.03779876997025     0.00000000004096
5.03868665482629     0.00000000000038
5.03876814373469     0.00000000945261
5.03929933096460     0.00000000000007
5.03978786138772     0.00000000012484
5.03996390909918     0.00000000000000
5.04071860737790     0.00000000000002
5.04124055997487     0.00000015483561
5.04174128124062     0.00000035032442
5.04223010947451     0.00000150576245
5.04335132213621     0.00000000000003
5.04380677118708     0.00000042930641
5.04487206485285     0.00000000048385
5.04487608685075     0.00000012057785
5.04519340104219     0.00000000158185
5.04656529338834     0.00000000000005
5.04709144499867     0.00000000000000
5.04730296403994     0.00000001972753
5.04801056641292     0.00000000000011
5.04843510773411     0.00000000083669
5.04882385109580     0.00000000003328
5.04886925966474     0.00000000000006
5.04909399821931     0.00000000000007
5.04940617290124     0.00000000000001
5.04972216567178     0.00000005244921
5.04979529269581     0.00000000000104
5.05079692368799     0.00000000107857
5.05080173440577     0.00000036309789
5.05139347506683     0.00000000798293
5.05196193822970     0.00000000440048
5.05245020225339     0.00000000000007
5.05331845460833     0.00000000517155
5.05367856129936     0.00000000000005
5.05375711081197     0.00000003027596
5.05455146536058     0.00000000238175
5.05481485231271     0.00000000000001
5.05503942014217     0.00000000105185
5.05521165708729     0.00000000000000
5.05576807883506     0.00000000934348
5.05603372246706     0.00000000000000
5.05670346740885     0.00000000000001
5.05679221470409     0.00000002077929
5.05760272472181     0.00000000254584
5.05780767728484     0.00000000000001
5.05868804205474     0.00000001201279
5.05899260591600     0.00000000000001
5.06031462178349     0.00000002769221
5.06048615639137     0.00000159319907
5.06098394514434     0.00000000000010
5.06191046024832     0.00000002160620
5.06234242403996     0.00000000000005
5.06279885678580     0.00000000000006
5.06393264534129     0.00000001094887
5.06488681257401     0.00000110422960
5.06591385750599     0.00000000000005
5.06641131419279     0.00000003170594
5.06696681786991     0.00000000000003
5.06831088749729     0.00000000000004
5.06960282875129     0.00000000537193
5.07091186612125     0.00000000000215
5.07091453642043     0.00000000185319
5.07218740524592     0.00000003169006
5.07232613834183     0.00000000000005
5.07408665075990     0.00000000000000
5.07895162945515     0.00000004200711
5.08020966891199     0.00000098106990
5.08024788367141     0.00000000000472
5.08134793896430     0.00000000000001
5.08265749538564     0.00000000000006
5.08305731457621     0.00000037022831
5.08884886487784     0.00000000000000
5.08985732883402     0.00000001918446
5.09940127277416     0.00000000000000
5.10147907077083     0.00000000195436
5.15373974151078     0.00000000000000
5.15402299553413     0.00000112626499
5.15431207721749     0.00000028196771
5.15434401894391     0.00000000000443
5.15434648119183     0.00000002298974
5.15439283615627     0.00000000000315
5.15451590999275     0.00000088089094
5.15452848211893     0.00000000003591
5.15457359399881     0.00000000002698
5.15469245464663     0.00000000596295
5.15472361750006     0.00000000014970
5.15473285288016     0.00000042641769
5.15482364423416     0.00000000054966
5.15487390225694     0.00000000000015
5.15489200778280     0.00000000000020
5.15492662364210     0.00000003351998
5.15496597885803     0.00000000969024
5.15503723738244     0.00000000000957
5.15504710953972     0.00000015766514
5.15512203746442     0.00000000000165
5.15520733555809     0.00000000000407
5.15523535480947     0.00000005112880
5.15526370040771     0.00000024577092
5.15538117564403     0.00000020404489
5.15539410868796     0.00000000015837
5.15542641207180     0.00000062658033
5.15554249498919     0.00000000003754
5.15556799310435     0.00000041109833
5.15557935564387     0.00000000005183
5.15567509393530     0.00000000000039
5.15574052952427     0.00000061594809
5.15580277747873     0.00000015203362
5.15582792951893     0.00000000000366
5.15587478950312     0.00000000000011
5.15592632667515     0.00000036080432
5.15595693683756     0.00000009237754
5.15599084946142     0.00000000000487
5.15602923902192     0.00000007260349
5.15609687410179     0.00000000000000
5.15616721193204     0.00000005046429
5.15617289866247     0.00000000001256
5.15621824363028     0.00000006139282
5.15622291665251     0.00000000000529
5.15634174119013     0.00000000000049
5.15650970438567     0.00000000000121
5.15653516926826     0.00000005743951
5.15660794622525     0.00000045367701
5.15662370971522     0.00000000000146
5.15666605387699     0.00000000094775
5.15677782225797     0.00000001140229
5.15681682746637     0.00000000000129
5.15686913599485     0.00000000000556
5.15691842230290     0.00000030383575
5.15699806834823     0.00000000000000
5.15702820808310     0.00000006346452
5.15705160319558     0.00000000002181
5.15707453967811     0.00000019423819
5.15715930887661     0.00000000000043
5.15722573921101     0.00000009851273
5.15726729245127     0.00000000000127
5.15735303818546     0.00000005103022
5.15746068833301     0.00000000101321
5.15746909412234     0.00000112657465
5.15768462598505     0.00000000000015
5.15771697339406     0.00000000578301
5.15784451198525     0.00000000000051
5.15786135414259     0.00000000000409
5.15795421593010     0.00000015150863
5.15797306647547     0.00000000001099
5.15800515680027     0.00000291854663
5.15816926760572     0.00000000000162
5.15817744124163     0.00000003085956
5.15824184871759     0.00000000000228
5.15828839248511     0.00000000000313
5.15836209312474     0.00000000000055
5.15839662673153     0.00000074136684
5.15841374831346     0.00000000004194
5.15847951120412     0.00000018931756
5.15860602330063     0.00000000000095
5.15865568214951     0.00000004750459
5.15873829159692     0.00000057998945
5.15883070648695     0.00000039381266
5.15884956712078     0.00000000006221
5.15886659786340     0.00000270254583
5.15888022173768     0.00000000008238
5.15909306312066     0.00000332111890
5.15910583238291     0.00000000000933
5.15925127378586     0.00000050207755
5.15926380507243     0.00000000002298
5.15927680478722     0.00000000011738
5.15940019779893     0.00000075736368
5.15947759286450     0.00000032579660
5.15954271091973     0.00000000000001
5.15963141992796     0.00000045963878
5.15970142537572     0.00000000001684
5.15972051931332     0.00000199282503
5.15982281548321     0.00000145196498
5.15994563939298     0.00000000000589
5.16001235811241     0.00000000000033
5.16005278159338     0.00000009982366
5.16010319662781     0.00000000002439
5.16023098841675     0.00000008308260
5.16023166967192     0.00000403101265
5.16044917057955     0.00000249333764
5.16057319790849     0.00000000000141
5.16071104441790     0.00000479769364
5.16071274078611     0.00000004967848
5.16094556003413     0.00000000000017
5.16097899480210     0.00000000000283
5.16113276240867     0.00000083993865
5.16115356208473     0.00000000012597
5.16118644054307     0.00000316777764
5.16139595870449     0.00000518113486
5.16141728484636     0.00000000035044
5.16160240887199     0.00000006942450
5.16167277716823     0.00000000000610
5.16182464203522     0.00000000000167
5.16184629921516     0.00000000353384
5.16194582028814     0.00000059960012
5.16202663349452     0.00000125731371
5.16204235122328     0.00000000000533
5.16236253925515     0.00000000000250
5.16245690510437     0.00000000000120
5.16246732989445     0.00000003356158
5.16256584676226     0.00000253669616
5.16284554205829     0.00000000000029
5.16287762271545     0.00000021100869
5.16292722126933     0.00000000000006
5.16301460784035     0.00000062783305
5.16304088282388     0.00000000000224
5.16321387679700     0.00000000000035
5.16322222753868     0.00000000571218
5.16349131545716     0.00000032190488
5.16393256527318     0.00000059581901
5.16410754665183     0.00000000000004
5.16421346121024     0.00000027096485
5.16445739245480     0.00000001656087
5.16451037072393     0.00000000000050
5.16474732897595     0.00000000000031
5.16492272559021     0.00000024764400
5.16495301871827     0.00000000000202
5.16516078973918     0.00003142679427
5.16517154466142     0.00000000000044
5.16521875663943     0.00000000014946
5.16545276730006     0.00000169419791
5.16553366947240     0.00000000003748
5.16554876915919     0.00000358513312
5.16561007926335     0.00000000001024
5.16566611951683     0.00000077344575
5.16592728125232     0.00000000000106
5.16659252815844     0.00001088213909
5.16659704207466     0.00000000037947
5.16688971836294     0.00000044004662
5.16696325884725     0.00000000000145
5.16703010093472     0.00000000000015
5.16721516651983     0.00000000799512
5.16742893299798     0.00000000000048
5.16758451197840     0.00000013232890
5.16783337379334     0.00000000000020
5.16821394515590     0.00000000591979
5.16850079379292     0.00000097080893
5.16890437889266     0.00000056356081
5.16967367599374     0.00000000000000
5.16967972407972     0.00000000333246
5.16980381107994     0.00001168732298
5.16999703717690     0.00000000000182
5.17096832304298     0.00000000000005
5.17157310070983     0.00000000000004
5.17160693860146     0.00000000000002
5.17171767165010     0.00000010205537
5.17211693858978     0.00000000000020
5.17258612526845     0.00001114060292
5.17275548954492     0.00000000000673
5.17330960758496     0.00000000001196
5.17349028018817     0.00016310155543
5.17368701374541     0.00003541678091
5.17422429252780     0.00000000000750
5.17561964747201     0.00000000000046
5.17592491324913     0.00000008359823
5.17632529840657     0.00001191013317
5.17682226553488     0.00000000000354
5.17719526705526     0.00000487473891
5.17736026673088     0.00002782776794
5.17809198643887     0.00000653689769
5.17811542368652     0.00000000000192
5.17971805922025     0.00000301980764
5.18124018086340     0.00043596941282
5.18133054790172     0.00000000064623
5.18147293505812     0.00000003936888
5.18156294869807     0.00000000001365
5.18228863889086     0.00000000003328
5.18597816696900     0.00000026599277
5.18786980920193     0.00000000000030
5.18836470071267     0.00000000000000
5.18909489027280     0.00005381307770
5.18946732037200     0.00000000000001
5.18965319901904     0.00000001195589
5.19022049926271     0.00002917176406
5.19027902654298     0.00000000000009
5.19663091162697     0.00000000000000
5.19977933493810     0.00000012106807
5.20058884414529     0.00000000528307
5.20075152699829     0.00000000000000
5.53987654646182     0.00000001295002
5.53987915784254     0.00000001087272
5.57559570313374     0.00000001118855
5.57559828807909     0.00000000797520
5.57677031619187     0.00000001054331
5.57677286851667     0.00000000878743
5.57853283402245     0.00000000942210
5.57853536228778     0.00000001011937
5.58624033608363     0.00000000840325
5.58624510961272     0.00000000901106
5.59884225257468     0.00000000818963
5.59884485211454     0.00000000654479
5.60052247476085     0.00000000731488
5.60052501677798     0.00000000801295
5.60473502380497     0.00000000766300
5.60473758583416     0.00000000697256
5.60627156627195     0.00000000791192
5.60627869884894     0.00000000823916
5.61041959596423     0.00000000107290
5.61042169593712     0.00000000125610
5.61256956495262     0.00000000734692
5.61257671441241     0.00000000780264
5.61621247717496     0.00000000815613
5.61621362238289     0.00000000637945
5.61668232200979     0.00000000629363
5.61668345385979     0.00000000861348
5.61725515829167     0.00000000675136
5.61726232908177     0.00000000759797
5.61819978206938     0.00000001068532
5.61820106835652     0.00000000337519
5.62088963568342     0.00000000705629
5.62089234043125     0.00000000734124
5.62238604685093     0.00000000715014
5.62238864637654     0.00000000699182
5.62379750659241     0.00000000487141
5.62380007906553     0.00000000544927
5.62567492804420     0.00000000787584
5.62568205914982     0.00000000933570
5.62605117146405     0.00000000648739
5.62605370079825     0.00000000844263
5.62720025981343     0.00000000781071
5.62720285544867     0.00000000513491
5.62747252423867     0.00000000638058
5.62747517015658     0.00000000698566
5.62793049463402     0.00000000704937
5.62793304085917     0.00000000604905
5.62876985826015     0.00000000071413
5.62877195621126     0.00000000074364
5.62946159933611     0.00000000613314
5.62946435070610     0.00000000751182
5.62991404883095     0.00000000637623
5.62991663044460     0.00000000664329
5.63028096697287     0.00000000635874
5.63028349028246     0.00000000756227
5.63034056870463     0.00000001130658
5.63034198248314     0.00000000247034
5.63197216359765     0.00000000660991
5.63197468279157     0.00000000615148
5.63311445956030     0.00000000589213
5.63311698967761     0.00000000696746
5.63386524626750     0.00000000659732
5.63386631561416     0.00000000647426
5.63664361643281     0.00000000586310
5.63664619993292     0.00000000691810
5.63824787067468     0.00000000039647
5.63824850807240     0.00000000010043
5.63878943345980     0.00000000090751
5.63879202942659     0.00000000078396
5.63951186037990     0.00000000558892
5.63951447308887     0.00000000724609
5.63997139919137     0.00000000643202
5.63997848365015     0.00000000619607
5.63998285990150     0.00000000178628
5.63999132820903     0.00000000105925
5.64166386304769     0.00000000065499
5.64166597445320     0.00000000053099
5.64414229859563     0.00000000543612
5.64415066441833     0.00000000543462
5.64655372993799     0.00000000643505
5.64655682479614     0.00000000706497
5.64717701160637     0.00000000006678
5.64718339648220     0.00000000006494
5.65082856931379     0.00000000046676
5.65083555714483     0.00000000048352
5.65124487976113     0.00000000063809
5.65125184882726     0.00000000063857
5.65152938955149     0.00000000065598
5.65153144478625     0.00000000082448
5.65201215673868     0.00000000078322
5.65201911788973     0.00000000076473
5.65254198835208     0.00000000550599
5.65255034608773     0.00000000513134
5.65292580101005     0.00000000045845
5.65293279526844     0.00000000045214
5.65466389116285     0.00000000088826
5.65466650252941     0.00000000053066
5.65472093309960     0.00000000061544
5.65472782932786     0.00000000058684
5.65479863440253     0.00000000470025
5.65480041954473     0.00000000540595
5.65560435267034     0.00000000013340
5.65561013895471     0.00000000012764
5.65575746384193     0.00000000457069
5.65575845293854     0.00000000357121
5.65666271817926     0.00000000140712
5.65666593438737     0.00000000148424
5.65675496961786     0.00000000021899
5.65676317416330     0.00000000021366
5.65695242979399     0.00000000466353
5.65695426402403     0.00000000534054
5.65755832383805     0.00000000303074
5.65756531498674     0.00000000305757
5.65914082762934     0.00000000648241
5.65914342528168     0.00000000742454
5.65935717285800     0.00000000404911
5.65935819484355     0.00000000475392
5.65949682130196     0.00000000065235
5.65949750009470     0.00000000100837
5.65968865203104     0.00000000039913
5.65969565851312     0.00000000036532
5.66011159381038     0.00000000429957
5.66011348957906     0.00000000646647
5.66013828873290     0.00000000359268
5.66014115434220     0.00000000374657
5.66077586129133     0.00000000750276
5.66077761528754     0.00000000084516
5.66083441058084     0.00000000069961
5.66084265907119     0.00000000066442
5.66108508120468     0.00000000613330
5.66108604464752     0.00000000430101
5.66211643362237     0.00000000079744
5.66211849726236     0.00000000081932
5.66292061832431     0.00000000050644
5.66292267875301     0.00000000067543
5.66299252223159     0.00000000143877
5.66299385129441     0.00000000010269
5.66341688868312     0.00000000462182
5.66341979449572     0.00000000440035
5.66380079251955     0.00000000007725
5.66380346759639     0.00000000008404
5.66408300500267     0.00000000081597
5.66408563321289     0.00000000043942
5.66444986409590     0.00000000382673
5.66445286543951     0.00000000314199
5.66451433755367     0.00000000348063
5.66451621089302     0.00000000500244
5.66507868182000     0.00000000129921
5.66508693694614     0.00000000134669
5.66528861436190     0.00000000018753
5.66529117260607     0.00000000022898
5.66542549371426     0.00000000500846
5.66542807456000     0.00000000500738
5.66555115374475     0.00000000008679
5.66556009703786     0.00000000756959
5.66568001564377     0.00000000169925
5.66568699986374     0.00000000177766
5.66657244713730     0.00000000024772
5.66657317229391     0.00000000062108
5.66663883604096     0.00000000055073
5.66664090721977     0.00000000077608
5.66686030350775     0.00000000267352
5.66686729676332     0.00000000275035
5.66692669783346     0.00000000254596
5.66692772004287     0.00000000440654
5.66701136141393     0.00000000506926
5.66701378004274     0.00000000601710
5.66738889349688     0.00000000490738
5.66738999833523     0.00000000270868
5.66782010070540     0.00000000081466
5.66782707132813     0.00000000084569
5.66857610884971     0.00000000334774
5.66858316657051     0.00000000335489
5.66878207055132     0.00000000048215
5.66878422058217     0.00000000036966
5.66920231377930     0.00000000282304
5.66920675120931     0.00000000270073
5.66926483622075     0.00000000510328
5.66926553991128     0.00000000918880
5.66977928753703     0.00000000412265
5.66978241356110     0.00000000259655
5.66992231674336     0.00000000385649
5.66992899501476     0.00000000421484
5.66993451294082     0.00000000014256
5.66993683549829     0.00000000002900
5.67013453524166     0.00000000508238
5.67014296115722     0.00000000517660
5.67029521133144     0.00000000405545
5.67029775294069     0.00000000344541
5.67040314665378     0.00000000013325
5.67040873762229     0.00000000014765
5.67050909244035     0.00000000338191
5.67051158250703     0.00000000370871
5.67090360881358     0.00000000038670
