# Absorption spectrum
# exc. energy / eV    osc. strength
4.71564974961179     0.11389389883376
4.94777470214304     0.00000000476166
4.94895381086482     0.00000000000000
4.95024006568603     0.00000000000000
4.95041229481422     0.00000000490519
4.95205398845759     0.00000000003966
4.95209349997842     0.00000022520205
4.95263308070613     0.00000002912555
4.95298142248480     0.00000000000040
4.95336586911523     0.00000000000308
4.95370922394673     0.00000003535333
4.95429266520940     0.00000013406703
4.95438946323463     0.00000000000011
4.95520920252178     0.00000007139443
4.95685230305749     0.00000000000039
4.95758099074128     0.00000000000003
4.95806441585975     0.00000151283554
4.95809631550318     0.00000000018226
4.95871677250985     0.00000011069952
4.95966935180024     0.00000022158628
4.96054975461381     0.00000052043763
4.96181972191144     0.00000000299063
4.96185837088842     0.00000000000000
4.96242041559522     0.00000000000489
4.96371620607575     0.00000258849189
4.96471518625541     0.00000000000744
4.96587218421557     0.00000000000066
4.96690397878701     0.00015222500917
4.96746183684276     0.00000000020242
4.96834902269457     0.00000031088641
4.96938514657723     0.00000000000000
4.97007527995512     0.00019423028621
4.97145973526160     0.00000000005113
4.97198763725471     0.00007564915335
4.97220361860420     0.00000000046590
4.97468744442181     0.00005970480465
4.97531537180022     0.00000000000321
4.97599730082837     0.00000000002659
4.97657047908515     0.00000718386974
4.97786244737627     0.00000000000574
4.97799975443142     0.00000189411709
4.97837597148590     0.00000038856080
4.97847464745825     0.00000000001237
4.97939644684790     0.00000000001794
4.97987064551321     0.00000000000018
4.98044622653960     0.00001548912157
4.98076370193937     0.00000039661458
4.98202782995580     0.00000000000000
4.98272999885385     0.00000113019360
4.98339714590100     0.00000002111362
4.98397658023679     0.00000000000001
4.98508591065518     0.00000000000001
4.98566256694136     0.00000089250303
4.98620238273586     0.00000000000012
4.98654562687519     0.00000270505808
4.98745158600565     0.00000000000014
4.98774603947506     0.00000006219740
4.98803439021808     0.00000000000070
4.98884836250333     0.00000064120025
4.98921763722529     0.00000000000586
4.99017856481870     0.00000186450118
4.99022175444121     0.00000000000019
4.99094561778056     0.00000000164562
4.99232767308062     0.00000000000002
4.99247804655233     0.00000199436839
4.99307501614941     0.00000079529377
4.99394739733111     0.00000000000006
4.99426055691453     0.00000000000029
4.99476551144484     0.00000050442681
4.99505613269138     0.00000000000033
4.99550114445485     0.00000002083987
4.99593296789416     0.00000171967918
4.99617036738314     0.00000000000954
4.99770014233186     0.00000000009578
4.99779294853167     0.00000181014095
4.99826916561995     0.00000000000443
4.99914986279007     0.00000000016511
5.00014105860850     0.00000190634921
5.00025435715106     0.00000000005232
5.00154564540596     0.00000000000431
5.00219055329461     0.00000495407527
5.00345821851070     0.00000469492394
5.00551183673212     0.00000000000013
5.00779400053518     0.00000000000032
5.00951931703755     0.00003818226978
5.00954410861050     0.00000000283021
5.01041924487454     0.00000000011001
5.01042508986076     0.00000019648498
5.01075394696905     0.00000010552822
5.01119482683779     0.00000000000389
5.01123275766698     0.00000013146520
5.01181951377997     0.00000027659151
5.01294033105842     0.00000019229421
5.01328300306281     0.00000000000001
5.01420018208330     0.00000106446363
5.01422025542758     0.00000000002278
5.01472207818230     0.00000000001843
5.01483238337837     0.00000079543957
5.01581816239608     0.00000000000047
5.01642319828040     0.00000046919308
5.01678361988889     0.00000000000006
5.01768232799701     0.00000000000108
5.01780436012473     0.00000010957561
5.01842382221739     0.00000041688901
5.01877281696057     0.00000000000001
5.02055300678419     0.00000033578498
5.02086299906324     0.00000000000247
5.02313769509224     0.00000841887214
5.02360096743529     0.00000000001137
5.02434288095876     0.00000219225985
5.02451796689611     0.00000028639965
5.02463208492827     0.00000000000502
5.02643686285725     0.00000000000005
5.02700385083305     0.00000001008581
5.02844590521469     0.00000000000036
5.02911997933156     0.00000007500760
5.02933628020820     0.00000000000040
5.03059038517736     0.00000002145343
5.03164153530202     0.00000000000138
5.03195516111407     0.00000023745787
5.03312019786060     0.00000000000149
5.03330677136456     0.00000022548557
5.03405182253086     0.00000000000020
5.03418950676777     0.00000026406273
5.03457148983901     0.00000526576056
5.03532866836117     0.00000000000002
5.03589621775188     0.00000000000007
5.03681510168151     0.00000000000004
5.03710011473725     0.00000001549692
5.03741940911220     0.00000000000000
5.03779876999606     0.00000000005845
5.03868665482654     0.00000000000054
5.03876814968402     0.00000001346366
5.03929933096464     0.00000000000009
5.03978786146622     0.00000000017748
5.03996390909919     0.00000000000000
5.04071860737792     0.00000000000003
5.04124065715452     0.00000021931059
5.04174150096123     0.00000049550803
5.04223105569998     0.00000213802128
5.04335132213623     0.00000000000005
5.04380704078579     0.00000060876280
5.04487206515091     0.00000000066018
5.04487616253035     0.00000017079271
5.04519340203489     0.00000000224004
5.04656529338837     0.00000000000007
5.04709144499866     0.00000000000001
5.04730297639838     0.00000002783783
5.04801056641299     0.00000000000016
5.04843510825786     0.00000000117888
5.04882385111664     0.00000000004687
5.04886925966478     0.00000000000009
5.04909399821935     0.00000000000011
5.04940617290125     0.00000000000002
5.04972219847492     0.00000007376864
5.04979529269646     0.00000000000146
5.05079692433188     0.00000000138220
5.05080196143346     0.00000051040060
5.05139348005764     0.00000001121919
5.05196194097940     0.00000000617803
5.05245020225343     0.00000000000010
5.05331845783681     0.00000000724698
5.05367856129939     0.00000000000007
5.05375712970842     0.00000004240748
5.05455146684643     0.00000000333302
5.05481485231271     0.00000000000002
5.05503942079816     0.00000000147107
5.05521165708728     0.00000000000000
5.05576808465965     0.00000001305577
5.05603372246707     0.00000000000000
5.05670346740886     0.00000000000001
5.05679222764960     0.00000002899934
5.05760272630706     0.00000000354929
5.05780767728485     0.00000000000001
5.05868804952881     0.00000001672053
5.05899260591600     0.00000000000001
5.06031463890810     0.00000003807705
5.06048714730460     0.00000221605566
5.06098394514440     0.00000000000014
5.06191047368385     0.00000003004079
5.06234242403999     0.00000000000007
5.06279885678584     0.00000000000008
5.06393265213651     0.00000001516417
5.06488749800997     0.00000152986871
5.06591385750603     0.00000000000007
5.06641133386643     0.00000004389441
5.06696681786993     0.00000000000003
5.06831088749732     0.00000000000005
5.06960283207805     0.00000000740785
5.07091186612258     0.00000000000296
5.07091453756726     0.00000000255193
5.07218742484450     0.00000004358192
5.07232613834186     0.00000000000007
5.07408665075990     0.00000000000000
5.07895165533682     0.00000005733789
5.08021027329794     0.00000133877805
5.08024788367436     0.00000000000665
5.08134793896430     0.00000000000001
5.08265749538567     0.00000000000008
5.08305754240949     0.00000050413239
5.08884886487784     0.00000000000000
5.08985734060098     0.00000002595129
5.09940127277417     0.00000000000000
5.10147907196303     0.00000000261520
5.15373974151079     0.00000000000000
5.15402365600412     0.00000139265427
5.15431224254049     0.00000034853342
5.15434401894651     0.00000000000547
5.15434649472886     0.00000002866101
5.15439283615811     0.00000000000390
5.15451642723780     0.00000109206022
5.15452848214092     0.00000000004840
5.15457359401478     0.00000000003399
5.15469245813479     0.00000000733687
5.15472361758579     0.00000000017655
5.15473310366682     0.00000053033607
5.15482364455777     0.00000000068508
5.15487390225702     0.00000000000019
5.15489200778292     0.00000000000025
5.15492664331711     0.00000004152467
5.15496598454334     0.00000001199373
5.15503723738800     0.00000000001162
5.15504720199358     0.00000019493666
5.15512203746538     0.00000000000203
5.15520733556046     0.00000000000498
5.15523538457663     0.00000006231412
5.15526384424284     0.00000030267392
5.15538129432703     0.00000024821071
5.15539410878060     0.00000000019484
5.15542677998223     0.00000077673595
5.15554249501105     0.00000000004575
5.15556823442459     0.00000050935081
5.15557935567494     0.00000000006697
5.15567509393552     0.00000000000047
5.15574089067980     0.00000076140639
5.15580286711758     0.00000019003264
5.15582792952109     0.00000000000458
5.15587478950319     0.00000000000014
5.15592653844028     0.00000044689846
5.15595699148138     0.00000011622240
5.15599084946429     0.00000000000609
5.15602928175868     0.00000009045340
5.15609687410180     0.00000000000001
5.15616724153624     0.00000006244564
5.15617289866988     0.00000000001570
5.15621827966100     0.00000007603395
5.15622291665564     0.00000000000665
5.15634174119042     0.00000000000060
5.15650970438638     0.00000000000148
5.15653520275689     0.00000007020422
5.15660821160501     0.00000055817029
5.15662370971609     0.00000000000185
5.15666605443342     0.00000000117468
5.15677782892075     0.00000001399906
5.15681682746712     0.00000000000157
5.15686913599809     0.00000000000677
5.15691859961132     0.00000037204731
5.15699806834823     0.00000000000000
5.15702824507144     0.00000007751350
5.15705160320827     0.00000000002655
5.15707465311599     0.00000023820975
5.15715930887686     0.00000000000052
5.15722579659157     0.00000012017563
5.15726729245201     0.00000000000154
5.15735306778441     0.00000006173114
5.15746068888042     0.00000000106342
5.15746975022844     0.00000137391802
5.15768462598514     0.00000000000019
5.15771697675243     0.00000000701267
5.15784451198555     0.00000000000061
5.15786135414495     0.00000000000488
5.15795430126703     0.00000017281945
5.15797306648156     0.00000000001217
5.15800685694526     0.00000356081186
5.15816926760667     0.00000000000199
5.15817745931431     0.00000003805706
5.15824184871892     0.00000000000278
5.15828839248694     0.00000000000380
5.15836209312505     0.00000000000065
5.15839705712628     0.00000089840261
5.15841374833841     0.00000000005338
5.15847962149118     0.00000023101130
5.15860602330118     0.00000000000114
5.15865570945382     0.00000005642940
5.15873862350885     0.00000068294005
5.15883092549521     0.00000043781544
5.15884956715418     0.00000000006446
5.15886817181800     0.00000329477708
5.15888022179178     0.00000000012774
5.15909500345535     0.00000407557702
5.15910583238933     0.00000000001590
5.15925156886706     0.00000062355500
5.15926380508624     0.00000000002984
5.15927680485677     0.00000000014823
5.15940063936162     0.00000092563497
5.15947778329418     0.00000040021226
5.15954271091973     0.00000000000001
5.15963168431086     0.00000054677098
5.15970142538496     0.00000000001821
5.15972167514899     0.00000241004971
5.15982366960905     0.00000180637867
5.15994563939641     0.00000000000724
5.16001235811261     0.00000000000040
5.16005283926575     0.00000011980610
5.16010319664182     0.00000000002888
5.16023099915622     0.00000000493019
5.16023404427490     0.00000496712655
5.16045062794096     0.00000306240307
5.16057319790930     0.00000000000172
5.16071269925283     0.00000011769425
5.16071393197942     0.00000588961001
5.16094556003423     0.00000000000021
5.16097899480375     0.00000000000346
5.16113323671484     0.00000096273073
5.16115356215590     0.00000000014458
5.16118829940119     0.00000392021563
5.16139903436002     0.00000656351378
5.16141728508911     0.00000000060462
5.16160245032869     0.00000008901327
5.16167277717185     0.00000000000774
5.16182464203620     0.00000000000208
5.16184630128752     0.00000000437001
5.16194617030955     0.00000073465923
5.16202737578886     0.00000157566155
5.16204235122659     0.00000000000735
5.16236253925660     0.00000000000306
5.16245690510506     0.00000000000144
5.16246734928663     0.00000004028928
5.16256733204585     0.00000312692006
5.16284554205846     0.00000000000035
5.16287774610302     0.00000025942989
5.16292722126936     0.00000000000007
5.16301497505534     0.00000077227555
5.16304088282521     0.00000000000283
5.16321387679720     0.00000000000043
5.16322223087025     0.00000000698679
5.16349150227098     0.00000038982422
5.16393290855414     0.00000071115046
5.16410754665185     0.00000000000005
5.16421361650867     0.00000032003604
5.16445740186267     0.00000001921677
5.16451037072421     0.00000000000058
5.16474732897612     0.00000000000034
5.16492285883692     0.00000025777861
5.16495301871936     0.00000000000208
5.16517154466105     0.00000000000111
5.16517888504672     0.00003743604073
5.16521875676422     0.00000000037464
5.16545378887297     0.00000221381178
5.16553366949251     0.00000000003879
5.16555096175586     0.00000481863256
5.16561007926974     0.00000000001435
5.16566659454835     0.00000104891200
5.16592728125295     0.00000000000136
5.16659704154109     0.00000000269651
5.16659893036294     0.00001353601413
5.16688998185869     0.00000056730730
5.16696325884811     0.00000000000186
5.16703010093482     0.00000000000020
5.16721517123518     0.00000000999962
5.16742893299826     0.00000000000060
5.16758458934807     0.00000016265451
5.16783337379345     0.00000000000024
5.16821394857754     0.00000000711127
5.16850135339044     0.00000115982764
5.16890470218983     0.00000066686770
5.16967367599375     0.00000000000000
5.16967972588906     0.00000000353229
5.16981048611667     0.00001370659255
5.16999703717797     0.00000000000227
5.17096832304300     0.00000000000006
5.17157310070987     0.00000000000004
5.17160693860147     0.00000000000002
5.17171772750560     0.00000010991954
5.17211693858989     0.00000000000020
5.17259190182947     0.00001076199740
5.17275548954845     0.00000000000663
5.17330960758938     0.00000000000587
5.17357096714000     0.00012976829161
5.17372188252984     0.00011168740945
5.17422429253299     0.00000000001295
5.17561964747229     0.00000000000059
5.17592496203439     0.00000010236664
5.17633224756843     0.00001457418443
5.17682226553691     0.00000000000418
5.17719785896502     0.00000494762415
5.17737668723868     0.00003476659444
5.17809580950534     0.00000803743110
5.17811542368785     0.00000000000336
5.17971964898291     0.00000300878200
5.18133054769943     0.00000000022769
5.18147277332276     0.00000237637444
5.18150761949768     0.00058585584132
5.18156294874668     0.00000000062292
5.18228863891809     0.00000000008013
5.18597833607324     0.00000038656082
5.18786980920212     0.00000000000040
5.18836470071266     0.00000000000000
5.18912812370656     0.00007374714572
5.18946732037201     0.00000000000001
5.18965320672277     0.00000001784842
5.19023926819055     0.00004339539056
5.19027902654308     0.00000000000030
5.19663091162697     0.00000000000000
5.19977940923661     0.00000016394994
5.20058884738324     0.00000000713565
5.20075152699829     0.00000000000000
5.53987655382913     0.00000001507803
5.53987916406033     0.00000001279180
5.57559570948511     0.00000001296550
5.57559829262547     0.00000000932008
5.57677032217502     0.00000001221092
5.57677287352490     0.00000001026536
5.57853283936681     0.00000001090254
5.57853536805261     0.00000001181270
5.58624034083333     0.00000000973523
5.58624511471742     0.00000001048256
5.59884225721713     0.00000000946239
5.59884485583653     0.00000000761075
5.60052247890391     0.00000000844363
5.60052502133199     0.00000000931292
5.60473502814123     0.00000000884413
5.60473758979250     0.00000000809954
5.60627157074865     0.00000000914574
5.60627870351670     0.00000000954845
5.61041959657018     0.00000000124021
5.61042169664698     0.00000000145380
5.61256956911267     0.00000000848519
5.61257671883519     0.00000000903316
5.61621248178391     0.00000000936635
5.61621362601391     0.00000000743227
5.61668232555208     0.00000000721092
5.61668345874427     0.00000001001685
5.61725516211730     0.00000000779256
5.61726233339202     0.00000000878964
5.61819978811547     0.00000001230953
5.61820107027822     0.00000000393678
5.62088963967489     0.00000000812473
5.62089234459643     0.00000000850397
5.62238605089674     0.00000000823127
5.62238865034501     0.00000000809879
5.62379750934804     0.00000000561050
5.62380008215505     0.00000000630462
5.62567493250418     0.00000000907619
5.62568206444375     0.00000001078800
5.62605117513003     0.00000000745920
5.62605370558518     0.00000000977242
5.62720026422394     0.00000000899243
5.62720285835640     0.00000000594523
5.62747252784023     0.00000000734083
5.62747517409626     0.00000000808295
5.62793049861913     0.00000000811224
5.62793304428833     0.00000000700175
5.62876985866349     0.00000000082355
5.62877195663143     0.00000000085825
5.62946160280285     0.00000000705293
5.62946435496408     0.00000000868701
5.62991405243025     0.00000000733347
5.62991663420529     0.00000000768430
5.63028097053394     0.00000000730841
5.63028349452522     0.00000000874550
5.63034057510097     0.00000001301988
5.63034198388839     0.00000000287628
5.63197216732996     0.00000000760155
5.63197468627496     0.00000000711500
5.63311446289660     0.00000000677250
5.63311699363426     0.00000000805479
5.63386524999215     0.00000000755402
5.63386631929473     0.00000000751651
5.63664361973623     0.00000000673643
5.63664620384800     0.00000000799313
5.63824787078130     0.00000000045674
5.63824850809856     0.00000000011574
5.63878943385236     0.00000000104520
5.63879202976491     0.00000000090342
5.63951186353515     0.00000000641797
5.63951447719127     0.00000000836731
5.63997140283134     0.00000000740026
5.63997848715904     0.00000000714090
5.63998286089099     0.00000000206202
5.63999132878647     0.00000000122158
5.64166386341363     0.00000000075410
5.64166597474998     0.00000000061173
5.64414230167297     0.00000000625368
5.64415066749708     0.00000000626116
5.64655373357187     0.00000000738678
5.64655682879564     0.00000000814996
5.64717701164428     0.00000000007685
5.64718339651909     0.00000000007473
5.65082856955614     0.00000000053680
5.65083555739665     0.00000000055615
5.65124488011994     0.00000000073381
5.65125184918650     0.00000000073450
5.65152938992407     0.00000000075407
5.65153144525471     0.00000000094854
5.65201215718509     0.00000000090056
5.65201911832483     0.00000000087953
5.65254199144867     0.00000000632698
5.65255034897573     0.00000000590491
5.65292580126363     0.00000000052712
5.65293279551848     0.00000000051993
5.65466389149416     0.00000000102081
5.65466650272507     0.00000000061009
5.65472093344749     0.00000000070733
5.65472782965967     0.00000000067458
5.65479863691707     0.00000000538567
5.65480042244319     0.00000000623196
5.65560435274726     0.00000000015332
5.65561013902830     0.00000000014671
5.65575746638254     0.00000000523255
5.65575845493312     0.00000000412601
5.65666271897929     0.00000000161624
5.65666593523142     0.00000000170656
5.65675496974162     0.00000000025167
5.65676317428400     0.00000000024556
5.65695243244278     0.00000000534178
5.65695426706076     0.00000000615529
5.65755832520364     0.00000000348125
5.65756531636233     0.00000000351481
5.65914083124995     0.00000000742323
5.65914342944108     0.00000000855317
5.65935717503952     0.00000000462855
5.65935819741859     0.00000000548503
5.65949682156471     0.00000000074856
5.65949750050127     0.00000000115937
5.65968865222987     0.00000000045849
5.65969565869515     0.00000000041970
5.66011159596106     0.00000000492094
5.66011349281459     0.00000000744304
5.66013829029707     0.00000000412379
5.66014115597965     0.00000000430987
5.66077586503376     0.00000000861337
5.66077761571062     0.00000000097489
5.66083441097879     0.00000000080365
5.66084265944913     0.00000000076336
5.66108508462031     0.00000000700992
5.66108604705729     0.00000000497558
5.66211643407322     0.00000000091542
5.66211849772479     0.00000000094137
5.66292061835773     0.00000000058145
5.66292267879839     0.00000000077553
5.66299252270081     0.00000000165191
5.66299385132790     0.00000000011799
5.66341689115810     0.00000000529820
5.66341979685762     0.00000000506114
5.66380079242595     0.00000000008868
5.66380346749528     0.00000000009646
5.66408300539980     0.00000000093662
5.66408563342712     0.00000000050463
5.66444986600175     0.00000000438796
5.66445286700444     0.00000000361111
5.66451433962060     0.00000000398379
5.66451621387217     0.00000000575650
5.66507868254072     0.00000000149123
5.66508693769336     0.00000000154627
5.66528861431182     0.00000000021524
5.66529117254369     0.00000000026279
5.66542549629036     0.00000000573746
5.66542807714046     0.00000000575918
5.66555115379372     0.00000000009953
5.66556010131287     0.00000000868986
5.66568001524292     0.00000000195068
5.66568699939556     0.00000000204015
5.66657244701767     0.00000000028448
5.66657317199254     0.00000000071242
5.66663883625714     0.00000000063182
5.66664090752778     0.00000000089081
5.66686030501491     0.00000000306654
5.66686729831448     0.00000000315736
5.66692669926826     0.00000000290773
5.66692772253580     0.00000000507148
5.66701136427095     0.00000000580248
5.66701378344291     0.00000000692311
5.66738889626373     0.00000000561673
5.66738999986838     0.00000000312445
5.66782010115995     0.00000000093478
5.66782707179989     0.00000000097064
5.66857610959303     0.00000000384002
5.66858316732470     0.00000000384986
5.66878207028179     0.00000000055318
5.66878422037659     0.00000000042393
5.66920231538215     0.00000000323609
5.66920675274274     0.00000000310021
5.66926483896183     0.00000000577353
5.66926554488255     0.00000001062575
5.66977928987463     0.00000000472523
5.66978241503462     0.00000000298333
5.66992231877782     0.00000000442164
5.66992899721967     0.00000000483852
5.66993451268571     0.00000000016367
5.66993683522215     0.00000000003325
5.67013453799123     0.00000000582690
5.67014296395983     0.00000000594270
5.67029521334376     0.00000000464661
5.67029775464528     0.00000000395919
5.67040314668383     0.00000000015292
5.67040873765282     0.00000000016946
5.67050909436157     0.00000000387374
5.67051158460954     0.00000000426180
5.67090360857843     0.00000000044349
