# Absorption spectrum
# exc. energy / eV    osc. strength
4.94777468234757     0.00000000443479
4.94895381086482     0.00000000000000
4.95024006568603     0.00000000000000
4.95041227362974     0.00000000493037
4.95205398827725     0.00000000004419
4.95209250108700     0.00000023875730
4.95263295056465     0.00000003133691
4.95298142248299     0.00000000000044
4.95336586910128     0.00000000000341
4.95370906255387     0.00000003970420
4.95429204671993     0.00000015375776
4.95438946323415     0.00000000000012
4.95520886691173     0.00000008501631
4.95685230305559     0.00000000000050
4.95758099074113     0.00000000000004
4.95805677446787     0.00000207942182
4.95809631475972     0.00000000016343
4.95871620807677     0.00000015508366
4.95966817319094     0.00000033780980
4.96054688117907     0.00000085480584
4.96181970406781     0.00000000573724
4.96185837088841     0.00000000000000
4.96242041556444     0.00000000001044
4.96369741213629     0.00000733005295
4.96471518618683     0.00000000003408
4.96587218416812     0.00000000018485
4.96595269922308     0.00029099213527
4.96746183633188     0.00000000006949
4.96834733134768     0.00000049519284
4.96928006031182     0.00015436446882
4.96938514657725     0.00000000000001
4.97145973503511     0.00000000005407
4.97176444975409     0.00003362385467
4.97220361789630     0.00000000005796
4.97448785615785     0.00003527488902
4.97531537179161     0.00000000000124
4.97599730074133     0.00000000001535
4.97654625677022     0.00000439005099
4.97786244735424     0.00000000000456
4.97799277495984     0.00000138511399
4.97837453371022     0.00000028664907
4.97847464741267     0.00000000000905
4.97939644677535     0.00000000001581
4.97987064551244     0.00000000000018
4.98038465389652     0.00001315345326
4.98076237304255     0.00000023977220
4.98202782995579     0.00000000000000
4.98272536679197     0.00000102287393
4.98339705804003     0.00000001970280
4.98397658023675     0.00000000000001
4.98508591065513     0.00000000000001
4.98565858998995     0.00000095483043
4.98620238273530     0.00000000000014
4.98653356694525     0.00000289652211
4.98745158600502     0.00000000000015
4.98774575731284     0.00000006897978
4.98803439021487     0.00000000000079
4.98884537988562     0.00000074759896
4.98921763719799     0.00000000000686
4.99016974295916     0.00000224893620
4.99022175444044     0.00000000000016
4.99094560995675     0.00000000200449
4.99232767308052     0.00000000000003
4.99246826137860     0.00000258647465
4.99307116002599     0.00000100739111
4.99394739733083     0.00000000000007
4.99426055691309     0.00000000000039
4.99476296596668     0.00000069216862
4.99505613268972     0.00000000000045
4.99550103681642     0.00000002995961
4.99592418585839     0.00000241635073
4.99617036733591     0.00000000001260
4.99770014177554     0.00000000017413
4.99778348797578     0.00000266400563
4.99826916559700     0.00000000000640
4.99914986190580     0.00000000025520
5.00013071315345     0.00000302470488
5.00025435689010     0.00000000007013
5.00154564538135     0.00000000000758
5.00216294259197     0.00000828473213
5.00343254068349     0.00000756117964
5.00551183673139     0.00000000000023
5.00779400053313     0.00000000000071
5.00930022436100     0.00006753349522
5.00954410695917     0.00000000005192
5.01041924426480     0.00000000018211
5.01042417091450     0.00000023155224
5.01075342601238     0.00000013858025
5.01119482681731     0.00000000000581
5.01123207578121     0.00000019058414
5.01181802867145     0.00000042967725
5.01293925207584     0.00000032624654
5.01328300306274     0.00000000000002
5.01419401938960     0.00000192228821
5.01422025532658     0.00000000002412
5.01472207807184     0.00000000003568
5.01482779364712     0.00000142690602
5.01581816239332     0.00000000000088
5.01642040526237     0.00000089592393
5.01678361988854     0.00000000000011
5.01768232799038     0.00000000000218
5.01780369137889     0.00000021993843
5.01842126293141     0.00000084663400
5.01877281696051     0.00000000000002
5.02055086617377     0.00000073534862
5.02086299904750     0.00000000000541
5.02308305764195     0.00001908556173
5.02360096736840     0.00000000002121
5.02432911940642     0.00000464892519
5.02451630340774     0.00000052027790
5.02463208489854     0.00000000000948
5.02643686285690     0.00000000000012
5.02700378457087     0.00000002345960
5.02844590521228     0.00000000000087
5.02911947046355     0.00000018603811
5.02933628020548     0.00000000000099
5.03059023653431     0.00000005549983
5.03164153529223     0.00000000000373
5.03195348168289     0.00000064006570
5.03312019784975     0.00000000000427
5.03330512810615     0.00000064530541
5.03405182252930     0.00000000000065
5.03418742361055     0.00000088505208
5.03453404047757     0.00001433735854
5.03532866836102     0.00000000000006
5.03589621775139     0.00000000000019
5.03681510168121     0.00000000000012
5.03710000234368     0.00000004392753
5.03741940911219     0.00000000000000
5.03779876956727     0.00000000016951
5.03868665482250     0.00000000000162
5.03876804945561     0.00000004020849
5.03929933096394     0.00000000000028
5.03978786012392     0.00000000054707
5.03996390909917     0.00000000000001
5.04071860737768     0.00000000000010
5.04123894426691     0.00000072088331
5.04173758349810     0.00000166842782
5.04221471758442     0.00000672461075
5.04335132213586     0.00000000000016
5.04380233323511     0.00000196155979
5.04487205750091     0.00000000477275
5.04487482963322     0.00000056004578
5.04519338450305     0.00000000739428
5.04656529338778     0.00000000000025
5.04709144499862     0.00000000000002
5.04730275154829     0.00000009787000
5.04801056641171     0.00000000000056
5.04843509860242     0.00000000426161
5.04882385073076     0.00000000017116
5.04886925966405     0.00000000000033
5.04909399821848     0.00000000000039
5.04940617290107     0.00000000000008
5.04972158425652     0.00000027559407
5.04979529268439     0.00000000000538
5.05079685261290     0.00000018693355
5.05079773884652     0.00000175474749
5.05139338596581     0.00000004252472
5.05196188865675     0.00000002387969
5.05245020225261     0.00000000000037
5.05331839534773     0.00000002903696
5.05367856129879     0.00000000000028
5.05375676246740     0.00000017137917
5.05455143772073     0.00000001371562
5.05481485231257     0.00000000000007
5.05503940786626     0.00000000612618
5.05521165708728     0.00000000000000
5.05576796887816     0.00000005533182
5.05603372246702     0.00000000000002
5.05670346740872     0.00000000000007
5.05679196728304     0.00000012597400
5.05760269410774     0.00000001574169
5.05780767728476     0.00000000000004
5.05868789529667     0.00000007666527
5.05899260591586     0.00000000000007
5.06031423737610     0.00000022810691
5.06046657161613     0.00001028929686
5.06098394514314     0.00000000000061
5.06191019343483     0.00000014088783
5.06234242403936     0.00000000000032
5.06279885678507     0.00000000000039
5.06393250471657     0.00000007723104
5.06487268155040     0.00000773133110
5.06591385750531     0.00000000000037
5.06641090520729     0.00000022558572
5.06696681786959     0.00000000000018
5.06831088749682     0.00000000000027
5.06960275650171     0.00000004155078
5.07091186609154     0.00000000001752
5.07091451110791     0.00000001478378
5.07218696608848     0.00000026022838
5.07232613834116     0.00000000000039
5.07408665075988     0.00000000000001
5.07895099368883     0.00000041143936
5.08019477705933     0.00000966393022
5.08024788361980     0.00000000002412
5.08134793896419     0.00000000000007
5.08265749538473     0.00000000000061
5.08305154111410     0.00000384953108
5.08884886487784     0.00000000000000
5.08985700229470     0.00000023766177
5.09940127277416     0.00000000000000
5.10147903159422     0.00000003357956
5.14967383011320     0.01859667195414
5.15373974151079     0.00000000000002
5.15408882230921     0.00015430085048
5.15432799457435     0.00003487155989
5.15434401919372     0.00000000060182
5.15434882508518     0.00000961942959
5.15439283635042     0.00000000051162
5.15452848147531     0.00000000049324
5.15457219511290     0.00013136016951
5.15457365727437     0.00000607647951
5.15469274617098     0.00000060676766
5.15472362012526     0.00000000196802
5.15476727295394     0.00010912421521
5.15482370276724     0.00000026639692
5.15487390226872     0.00000000003963
5.15489200779726     0.00000000004443
5.15492890723010     0.00000660030061
5.15496660957520     0.00000175000791
5.15503723768293     0.00000000040343
5.15505663742107     0.00002413921579
5.15512203756169     0.00000000024583
5.15520733572254     0.00000000028446
5.15523710848213     0.00000251196288
5.15527548780561     0.00002288224478
5.15538742989218     0.00000752668629
5.15539411641870     0.00000001612519
5.15546150794534     0.00007066942853
5.15554249630877     0.00000000198363
5.15557935316769     0.00000000505674
5.15559322820815     0.00005931419878
5.15567509395363     0.00000000003726
5.15577117075296     0.00005006250800
5.15581832525612     0.00005409329894
5.15582793022118     0.00000000576608
5.15587478950984     0.00000000001750
5.15594442464162     0.00002454795675
5.15597206769301     0.00006758393966
5.15599085016529     0.00000000434781
5.15603630261919     0.00002796808707
5.15609687410212     0.00000000000108
5.15617042668492     0.00000865084711
5.15617290046468     0.00000001105549
5.15622234352890     0.00001152114131
5.15622291949552     0.00000006507730
5.15634174121707     0.00000000006365
5.15650970443177     0.00000000007510
5.15653735277739     0.00000351737492
5.15662370953107     0.00000000099521
5.15662952128693     0.00004267969804
5.15666612091384     0.00000020260225
5.15677833473608     0.00000098376725
5.15681682751983     0.00000000009509
5.15686913618672     0.00000000028309
5.15693060639116     0.00002049961259
5.15699806834830     0.00000000000012
5.15703055717167     0.00000367017141
5.15705160393912     0.00000000108412
5.15708273519280     0.00001447681052
5.15715930889339     0.00000000002812
5.15722927048913     0.00000537666146
5.15726729249702     0.00000000007072
5.15735449196230     0.00000176248485
5.15746069459160     0.00000000165206
5.15750764565281     0.00005414027779
5.15768462599008     0.00000000000700
5.15771714935868     0.00000022885765
5.15784451199655     0.00000000001063
5.15786135422734     0.00000000007502
5.15795593280075     0.00000081243450
5.15797306657325     0.00000000003722
5.15809566980390     0.00010643247733
5.15816926768287     0.00000000015739
5.15817909650466     0.00000374878898
5.15824184880510     0.00000000014379
5.15828839258309     0.00000000013103
5.15836209313528     0.00000000000866
5.15841374325658     0.00000002603023
5.15841755632254     0.00002366651064
5.15848613645756     0.00000955376712
5.15860602332276     0.00000000002203
5.15865661542029     0.00000078085165
5.15874779591498     0.00000634739902
5.15883407659706     0.00000114405666
5.15884956747884     0.00000000008812
5.15888022124220     0.00000000012741
5.15892887962964     0.00004687517866
5.15910583234342     0.00000000000715
5.15918706149715     0.00007339798450
5.15926380415062     0.00000000158075
5.15927673888499     0.00000152625557
5.15927871297964     0.00004679325933
5.15942463281224     0.00002835625446
5.15949069945479     0.00002010938912
5.15954271091990     0.00000000000022
5.15964012749337     0.00000658748816
5.15970142550120     0.00000000003998
5.15976156626229     0.00002572112063
5.15988537631123     0.00008045205025
5.15994563968185     0.00000000060618
5.16001235812173     0.00000000001114
5.16005514240953     0.00000235718636
5.16010319708352     0.00000000036412
5.16023100209617     0.00000000009439
5.16031683356514     0.00005496825987
5.16051965658944     0.00005944849397
5.16057319795666     0.00000000007034
5.16071272331628     0.00000000025997
5.16087562184609     0.00015134099650
5.16094556004389     0.00000000002452
5.16097899491650     0.00000000019807
5.16114168770147     0.00000348823016
5.16115356364205     0.00000000082315
5.16126348021148     0.00004656790445
5.16141728341893     0.00000000024860
5.16159787844018     0.00001198514574
5.16167277596830     0.00000001008776
5.16171290971677     0.00036273178540
5.16182464216285     0.00000000041630
5.16184651864442     0.00000058136912
5.16196585654734     0.00002272983698
5.16204235115069     0.00000000004224
5.16212380068023     0.00021766664335
5.16236253935608     0.00000000017442
5.16245690513299     0.00000000002918
5.16246813295821     0.00000081696325
5.16267788723773     0.00017930362464
5.16284554206969     0.00000000001948
5.16288729264932     0.00001824775529
5.16292722127215     0.00000000000557
5.16304088177034     0.00000002116312
5.16304331322197     0.00005310859198
5.16321387681062     0.00000000002266
5.16322245197142     0.00000037689465
5.16350069336524     0.00001157505715
5.16394522751194     0.00001137831031
5.16410754665268     0.00000000000070
5.16421830315539     0.00000368076931
5.16445762498329     0.00000013956721
5.16451037073055     0.00000000000373
5.16474732897876     0.00000000000109
5.16492418061619     0.00000036371393
5.16495301872943     0.00000000000263
5.16517154466126     0.00000000000000
5.16521875633528     0.00000000002646
5.16542168654634     0.00001731859254
5.16550530735296     0.00001513078290
5.16553366968682     0.00000000005246
5.16561007914572     0.00000000005776
5.16565451705420     0.00000683152738
5.16592728114764     0.00000000044024
5.16601042154017     0.00037206566299
5.16659704191655     0.00000000000282
5.16686993482761     0.00003310729702
5.16696325875681     0.00000000024176
5.16703010091270     0.00000000013395
5.16711174699799     0.00058226049007
5.16721639640861     0.00000800640452
5.16742893302732     0.00000000007596
5.16759068637227     0.00001220209140
5.16783337380036     0.00000000001054
5.16821408960630     0.00000015069973
5.16852174013056     0.00001905640015
5.16891472770494     0.00000806378132
5.16967367599376     0.00000000000000
5.16967974590244     0.00000000611009
5.16998024970065     0.00010629734060
5.16999703746982     0.00000000201813
5.17096832304357     0.00000000000029
5.17157310071013     0.00000000000010
5.17160693860160     0.00000000000004
5.17171841078025     0.00000022879182
5.17211693859086     0.00000000000025
5.17263080287478     0.00000731439750
5.17275548957526     0.00000000000585
5.17330960759672     0.00000000000050
5.17365106753708     0.00000126722727
5.17422429249732     0.00000000000530
5.17561964742667     0.00000000019042
5.17571864543620     0.00039948960212
5.17592826247446     0.00000562692151
5.17657741886369     0.00014602948411
5.17682226559784     0.00000000004790
5.17721774266599     0.00000385650461
5.17780750457438     0.00014787747311
5.17811542367902     0.00000000000125
5.17826046200641     0.00012817561457
5.17973223561614     0.00000280684697
5.18133054776940     0.00000000000116
5.18147291467441     0.00000000045125
5.18156294868837     0.00000000000029
5.18228863881963     0.00000000000652
5.18597587862047     0.00000084132400
5.18786980919629     0.00000000000452
5.18836470071264     0.00000000000004
5.18847076442681     0.00027055047575
5.18946732037196     0.00000000000001
5.18965311186584     0.00000002716124
5.19002260753777     0.00005247397411
5.19027902654284     0.00000000000001
5.19663091162696     0.00000000000000
5.19977730505921     0.00000145514457
5.20058875227708     0.00000006830996
5.20075152699828     0.00000000000000
5.27013051347076     0.10410422680989
5.53987673543193     0.00000011734797
5.53987934086263     0.00000013110512
5.57559585731083     0.00000009059621
5.57559841048004     0.00000008010747
5.57677046047007     0.00000008418532
5.57677300266990     0.00000008732789
5.57853296155742     0.00000007360832
5.57853551525728     0.00000009860788
5.58624045131333     0.00000006801166
5.58624523970290     0.00000008081321
5.59884236164755     0.00000006202811
5.59884494639762     0.00000005799524
5.60052257106067     0.00000005415160
5.60052513136327     0.00000006998952
5.60473512443206     0.00000005655844
5.60473768481918     0.00000006014726
5.60627167216362     0.00000006079925
5.60627881256337     0.00000006733145
5.61041961031578     0.00000000824898
5.61042171299212     0.00000000995043
5.61256966238970     0.00000005530921
5.61257682087282     0.00000006218408
5.61621257801372     0.00000005293856
5.61621371593645     0.00000005825533
5.61668239770946     0.00000003887709
5.61668357697073     0.00000007512351
5.61725524726780     0.00000005010524
5.61726243192557     0.00000005948202
5.61819991920688     0.00000007499740
5.61820111874293     0.00000003205180
5.62088972597690     0.00000004937833
5.62089244123650     0.00000005915619
5.62238613819054     0.00000004981905
5.62238874236454     0.00000005626396
5.62379756913550     0.00000003434577
5.62380015282649     0.00000004270570
5.62567502995569     0.00000005636075
5.62568218384338     0.00000007118121
5.62605125312905     0.00000004396039
5.62605381560840     0.00000006676150
5.62720035946146     0.00000005455648
5.62720292540953     0.00000004090551
5.62747260499246     0.00000004387146
5.62747526427552     0.00000005480737
5.62793058422521     0.00000004872690
5.62793312310406     0.00000004786566
5.62876986756752     0.00000000519696
5.62877196599168     0.00000000551101
5.62946167671227     0.00000004174808
5.62946445179904     0.00000005818501
5.62991412925563     0.00000004352687
5.62991671992702     0.00000005171914
5.63028104612984     0.00000004273169
5.63028359123642     0.00000005856905
5.63034071334422     0.00000007896852
5.63034201858233     0.00000002251425
5.63197224690126     0.00000004503270
5.63197476560369     0.00000004781995
5.63311453364383     0.00000003967159
5.63311708325995     0.00000005353500
5.63386532537977     0.00000004028690
5.63386640658546     0.00000005428285
5.63664368961645     0.00000003913023
5.63664629207711     0.00000005245441
5.63824787320500     0.00000000281730
5.63824850869797     0.00000000072069
5.63878944247133     0.00000000641164
5.63879203724277     0.00000000561095
5.63951192973705     0.00000003687020
5.63951456885223     0.00000005421026
5.63997148092764     0.00000004437388
5.63997856389489     0.00000004441078
5.63998288319431     0.00000001329706
5.63999134175386     0.00000000771421
5.64166387135207     0.00000000459047
5.64166598123419     0.00000000377500
5.64414236764531     0.00000003740926
5.64415073460659     0.00000003866372
5.64655380951619     0.00000004211870
5.64655691714707     0.00000005166480
5.64717701245375     0.00000000046298
5.64718339730617     0.00000000045045
5.65082857473441     0.00000000319168
5.65083556278461     0.00000000331668
5.65124488773998     0.00000000435816
5.65125185683272     0.00000000438131
5.65152939784933     0.00000000443973
5.65153145531114     0.00000000568325
5.65201216669874     0.00000000533174
5.65201912763295     0.00000000523510
5.65254205708924     0.00000003695672
5.65255041118211     0.00000003556214
5.65292580664637     0.00000000311840
5.65293280083437     0.00000000308524
5.65466389858374     0.00000000597640
5.65466650693295     0.00000000360257
5.65472094082252     0.00000000414813
5.65472783670915     0.00000000397113
5.65479868881339     0.00000002953673
5.65480048646762     0.00000003890093
5.65560435438264     0.00000000089959
5.65561014059406     0.00000000086171
5.65575751769445     0.00000002808853
5.65575849954428     0.00000002691416
5.65666273586060     0.00000000935689
5.65666595324638     0.00000001009618
5.65675497234156     0.00000000147340
5.65676317682068     0.00000000143920
5.65695248641871     0.00000002910827
5.65695433336447     0.00000003822530
5.65755835403925     0.00000002016480
5.65756534566456     0.00000002070000
5.65914090501799     0.00000004023493
5.65914351997198     0.00000005258905
5.65935721889387     0.00000002408441
5.65935825479893     0.00000003475141
5.65949682734203     0.00000000423822
5.65949750964795     0.00000000685840
5.65968865634203     0.00000000265987
5.65969566246395     0.00000000244017
5.66011164041701     0.00000002635061
5.66011356406723     0.00000004497449
5.66013832333465     0.00000002352340
5.66014119144091     0.00000002576631
5.66077594416907     0.00000004929226
5.66077762515260     0.00000000618618
5.66083441936815     0.00000000466213
5.66084266743287     0.00000000444368
5.66108515273635     0.00000003619880
5.66108610206141     0.00000003325477
5.66211644351609     0.00000000523501
5.66211850750962     0.00000000548442
5.66292061935160     0.00000000333402
5.66292268014202     0.00000000445689
5.66299253267527     0.00000000948164
5.66299385204577     0.00000000068825
5.66341694239162     0.00000002940378
5.66341984757532     0.00000003013013
5.66380079085272     0.00000000050751
5.66380346579925     0.00000000055072
5.66408301416996     0.00000000534808
5.66408563818224     0.00000000291124
5.66444990604990     0.00000002449741
5.66445290074608     0.00000002117417
5.66451438148349     0.00000002139225
5.66451627785082     0.00000003458336
5.66507869737442     0.00000000850721
5.66508695313107     0.00000000888554
5.66528861364072     0.00000000122644
5.66529117170222     0.00000000149556
5.66542554888409     0.00000003138696
5.66542813217426     0.00000003424412
5.66555115480847     0.00000000055852
5.66556019083083     0.00000004974351
5.66568000620421     0.00000001116129
5.66568698897318     0.00000001160586
5.66657244480193     0.00000000163699
5.66657316647062     0.00000000401278
5.66663884115413     0.00000000356642
5.66664091453187     0.00000000508637
5.66686033627782     0.00000001724014
5.66686733079213     0.00000001807011
5.66692672766096     0.00000001492063
5.66692777613609     0.00000003048756
5.66701142218823     0.00000003120082
5.66701385637478     0.00000004146332
5.66738895226078     0.00000003007414
5.66739003368864     0.00000001972095
5.66782011072527     0.00000000529840
5.66782708175722     0.00000000553236
5.66857612361469     0.00000002161344
5.66858318162924     0.00000002184295
5.66878206398788     0.00000000312813
5.66878421560020     0.00000000237272
5.66920234833267     0.00000001796608
5.66920678474224     0.00000001771600
5.66926488791772     0.00000002412719
5.66926565659229     0.00000006879827
5.66977933790602     0.00000002615514
5.66978244612799     0.00000001737265
5.66992235980719     0.00000002466023
5.66992904235831     0.00000002767355
5.66993450779246     0.00000000093910
5.66993682980340     0.00000000018515
5.67013459529575     0.00000003245043
5.67014302321744     0.00000003401873
5.67029525640221     0.00000002549855
5.67029779243357     0.00000002315389
5.67040314675063     0.00000000087038
5.67040873765891     0.00000000096428
5.67050913361596     0.00000002115087
5.67051162913624     0.00000002488676
5.67090360391008     0.00000000248624
