# Absorption spectrum
# exc. energy / eV    osc. strength
4.94777420269449     0.00000054475285
4.94895381086476     0.00000000000007
4.95024006568575     0.00000000000040
4.95041089777035     0.00000200640852
4.95205394950206     0.00000046154698
4.95205997085936     0.00006016235487
4.95263007910177     0.00000570669685
4.95298142242636     0.00000000012433
4.95336586858239     0.00000000130681
4.95370522878314     0.00001108932745
4.95425303116799     0.00013005331328
4.95438946321441     0.00000000005060
4.95516420117440     0.00023963141433
4.95618039091086     0.00480935375718
4.95685230323337     0.00000000118434
4.95758099074354     0.00000000000630
4.95809631022863     0.00000000719913
4.95814827191542     0.00018156301159
4.95875279884706     0.00006472212342
4.95970950573671     0.00004618940502
4.96059564529672     0.00004054747880
4.96181982569970     0.00000006098763
4.96185837095154     0.00000000003422
4.96242041573568     0.00000000006565
4.96374813680328     0.00001001234267
4.96471518632848     0.00000000001557
4.96587218422112     0.00000000000047
4.96746183590750     0.00000000007521
4.96830519716537     0.00005671501853
4.96839665289860     0.00006212989058
4.96938514657736     0.00000000000000
4.97145973423541     0.00000000032811
4.97158368879512     0.00003204298619
4.97220361764884     0.00000000003598
4.97425100409220     0.00005402068182
4.97531537178208     0.00000000000178
4.97599730061919     0.00000000002985
4.97650119351241     0.00001039108309
4.97786244730228     0.00000000001497
4.97798161039026     0.00000313939443
4.97837425661243     0.00000021109386
4.97847464737287     0.00000000001365
4.97939644670589     0.00000000002760
4.97987064551108     0.00000000000053
4.98031577500754     0.00002534116988
4.98075902286070     0.00000080055567
4.98202782995579     0.00000000000000
4.98270755625139     0.00000555617211
4.98339697658281     0.00000003523732
4.98397658023655     0.00000000000007
4.98508591065513     0.00000000000001
4.98564052672405     0.00000638726534
4.98620238273264     0.00000000000093
4.98653626210109     0.00000115485693
4.98745158600530     0.00000000000002
4.98774523111453     0.00000023043275
4.98803439020976     0.00000000000236
4.98883613985472     0.00000383779668
4.98921763716847     0.00000000001545
4.99016263295917     0.00000434211355
4.99022175444081     0.00000000000001
4.99094286343053     0.00000102242372
4.99232767308057     0.00000000000000
4.99246207087553     0.00000455620012
4.99306972534825     0.00000139780151
4.99394739733056     0.00000000000018
4.99426055691280     0.00000000000048
4.99472451026176     0.00001665870328
4.99505613263418     0.00000000002121
4.99549630747259     0.00000198553393
4.99591435147210     0.00000603614969
4.99617036721928     0.00000000005631
4.99770013940174     0.00000000181225
4.99775818989886     0.00001348820452
4.99826916554417     0.00000000002793
4.99914911363698     0.00000034968857
5.00010468188078     0.00001530644820
5.00025435638404     0.00000000024747
5.00154564531127     0.00000000004725
5.00209352144735     0.00004323299582
5.00338038313640     0.00003230610407
5.00551183672580     0.00000000000354
5.00779400051937     0.00000000002527
5.00821524424916     0.00053172119249
5.00954410681381     0.00000000001390
5.01041924459981     0.00000000000336
5.01042465816172     0.00000000066764
5.01075036688161     0.00000082110981
5.01119482675371     0.00000000002694
5.01122378036219     0.00000241417749
5.01181323674775     0.00000173409000
5.01293431108193     0.00000200046048
5.01328300306201     0.00000000000029
5.01414862334509     0.00001881535951
5.01422025513008     0.00000000003043
5.01472207767298     0.00000000019643
5.01481285323221     0.00000635276017
5.01581816239341     0.00000000000060
5.01641908339007     0.00000120538940
5.01678361988656     0.00000000000090
5.01768232798192     0.00000000000545
5.01780159023881     0.00000107949990
5.01842064318194     0.00000094831013
5.01877281696014     0.00000000000018
5.02054481944500     0.00000355542717
5.02086299904542     0.00000000000563
5.02292152433467     0.00009410239957
5.02360096718836     0.00000000008028
5.02427137169797     0.00002717791163
5.02451149778618     0.00000173295689
5.02463208476679     0.00000000004859
5.02643686284639     0.00000000000476
5.02700382386046     0.00000000070966
5.02844590521268     0.00000000000052
5.02911978611571     0.00000000092846
5.02933628020505     0.00000000000103
5.03058956396627     0.00000038136274
5.03164153528691     0.00000000000593
5.03194896927598     0.00000283552622
5.03312019783044     0.00000000001368
5.03330522088702     0.00000050016499
5.03405182253030     0.00000000000001
5.03418737813117     0.00000077191355
5.03454137282394     0.00000857319659
5.03532866836094     0.00000000000009
5.03589621775066     0.00000000000055
5.03681510168130     0.00000000000006
5.03710006641984     0.00000000421720
5.03741940911217     0.00000000000001
5.03779876353187     0.00000000344711
5.03868665482286     0.00000000000124
5.03876775664131     0.00000019836139
5.03929933096368     0.00000000000039
5.03978785987888     0.00000000063071
5.03996390909917     0.00000000000000
5.04071860737777     0.00000000000004
5.04123581575944     0.00000248359773
5.04173410805816     0.00000351336437
5.04222259300327     0.00000160561625
5.04335132212960     0.00000000000417
5.04376140548394     0.00002576056177
5.04485826444516     0.00000978506181
5.04487208541042     0.00000000327715
5.04519324406666     0.00000008208515
5.04656529338242     0.00000000000336
5.04709144499826     0.00000000000023
5.04730166590677     0.00000073467607
5.04801056641164     0.00000000000056
5.04842714118222     0.00000485704668
5.04881597177548     0.00000464113311
5.04886925959919     0.00000000003291
5.04909399821787     0.00000000000070
5.04940617290069     0.00000000000029
5.04972196187727     0.00000002064171
5.04979529268848     0.00000000000240
5.05079691375098     0.00000000420572
5.05079974137432     0.00000050118781
5.05139333253550     0.00000007213272
5.05196185584269     0.00000004248747
5.05245020225066     0.00000000000158
5.05331811847751     0.00000020429382
5.05367856129869     0.00000000000033
5.05375481436136     0.00000141157955
5.05454271055101     0.00000560150310
5.05481485231090     0.00000000000110
5.05503924126833     0.00000011118997
5.05521165708728     0.00000000000000
5.05576724787948     0.00000051705604
5.05603372246702     0.00000000000002
5.05670346740866     0.00000000000010
5.05679200726358     0.00000009125687
5.05760264138119     0.00000004984483
5.05780767728457     0.00000000000017
5.05868756678978     0.00000029515039
5.05899260591538     0.00000000000040
5.06031426156546     0.00000021281566
5.06045592138293     0.00001701730190
5.06098394514388     0.00000000000008
5.06190956671932     0.00000056314631
5.06234242403936     0.00000000000031
5.06279885678356     0.00000000000144
5.06393141602364     0.00000086422657
5.06485345902497     0.00002109958930
5.06591385750489     0.00000000000066
5.06640017699008     0.00000780695218
5.06696681786743     0.00000000000168
5.06831088749716     0.00000000000001
5.06960280740356     0.00000000228775
5.07090972757214     0.00000364765238
5.07091187279120     0.00000000630214
5.07218173932768     0.00000428676579
5.07232613833302     0.00000000000643
5.07408665075953     0.00000000000029
5.07890733388838     0.00004493499705
5.07992704651177     0.00021610234127
5.08024788351676     0.00000000001423
5.08134793896189     0.00000000000155
5.08265749538033     0.00000000000393
5.08303817123975     0.00001336802099
5.08884886487783     0.00000000000001
5.08985714759221     0.00000009740512
5.09940127277417     0.00000000000000
5.10144966759880     0.00002988727070
5.15175199961091     0.01774454176018
5.15373974151079     0.00000000000007
5.15410618404575     0.00039413017362
5.15433462362547     0.00009325429299
5.15434401922571     0.00000000232406
5.15434904616905     0.00003211350133
5.15439283638540     0.00000000135212
5.15452848154978     0.00000000061288
5.15457358869422     0.00000006894660
5.15459686267702     0.00039530226001
5.15469443269628     0.00000933766984
5.15472362041631     0.00000000499902
5.15477838085341     0.00037503941345
5.15482379060701     0.00000213668354
5.15487390227373     0.00000000016508
5.15489200783364     0.00000000044453
5.15492664452241     0.00000138138515
5.15496593140953     0.00000000022537
5.15503723766417     0.00000000112233
5.15505357605764     0.00004245525529
5.15512203749678     0.00000000022932
5.15520733553725     0.00000000000018
5.15523511915118     0.00000011313253
5.15527174365644     0.00004069450286
5.15538375748974     0.00001286113218
5.15539411058160     0.00000001167706
5.15543285823267     0.00003920011762
5.15554249623269     0.00000000297907
5.15557935268484     0.00000001241351
5.15559072490264     0.00009227773427
5.15567509394093     0.00000000002569
5.15576879163678     0.00009586657649
5.15581845938843     0.00011166349262
5.15582792999217     0.00000000839732
5.15587478953252     0.00000000018051
5.15593366594652     0.00004964646323
5.15595653843985     0.00000017885216
5.15599084944814     0.00000000005242
5.15603033327630     0.00000716738332
5.15609687410206     0.00000000000128
5.15616713665730     0.00000069384432
5.15617289881087     0.00000000085439
5.15621809461829     0.00000057562389
5.15622291663717     0.00000000003504
5.15634174121357     0.00000000008601
5.15650970439476     0.00000000003833
5.15653693040283     0.00000518819703
5.15661820251507     0.00003510492786
5.15662371010182     0.00000000356832
5.15666766873989     0.00000557805703
5.15677784291793     0.00000020936538
5.15681682750130     0.00000000010282
5.15686913613743     0.00000000036482
5.15692612982306     0.00002184458161
5.15699806834827     0.00000000000013
5.15702885250642     0.00000206964990
5.15705160391375     0.00000000156625
5.15707999779396     0.00001459927003
5.15715930888208     0.00000000001576
5.15723311429918     0.00001569671346
5.15726729250544     0.00000000013923
5.15735296728031     0.00000032602824
5.15746069460179     0.00000000232178
5.15751341099441     0.00009644762120
5.15768462599537     0.00000000002218
5.15771741036371     0.00000086615830
5.15784451199294     0.00000000001358
5.15786135419364     0.00000000008901
5.15795592203314     0.00000148427127
5.15797306660082     0.00000000007953
5.15807264179629     0.00012728802278
5.15816926763135     0.00000000004236
5.15818664966688     0.00002300856826
5.15824184879673     0.00000000020337
5.15828839256928     0.00000000017298
5.15836209313814     0.00000000001508
5.15841374563824     0.00000000863493
5.15842344727516     0.00004770826147
5.15848199224470     0.00000774922851
5.15860602330720     0.00000000001563
5.15865663544085     0.00000134807619
5.15874102954631     0.00000515903633
5.15883371781044     0.00000171571252
5.15884956745855     0.00000000013683
5.15888022120862     0.00000000024906
5.15892078369787     0.00006479456010
5.15910583233620     0.00000000001500
5.15917942497178     0.00009786296819
5.15926380418139     0.00000000125936
5.15927643584529     0.00000184711184
5.15928914648397     0.00008089054871
5.15942692813887     0.00005075363278
5.15948770132025     0.00002741523704
5.15954271091975     0.00000000000009
5.15964138270751     0.00001214318376
5.15970142552772     0.00000000008242
5.15975111549184     0.00003628282743
5.15988902566017     0.00012495008945
5.15994563966047     0.00000000093728
5.16001235812636     0.00000000002637
5.16005435477266     0.00000286912160
5.16010319701867     0.00000000054022
5.16023100205776     0.00000000019481
5.16030364811543     0.00008626676190
5.16051023074381     0.00008831814309
5.16057319793022     0.00000000005205
5.16071272324244     0.00000000051688
5.16083712437896     0.00020571654014
5.16094556004241     0.00000000002170
5.16097899486569     0.00000000014278
5.16113574950977     0.00000397479111
5.16115356269128     0.00000000057922
5.16123563338002     0.00005242096036
5.16141728334679     0.00000000033706
5.16159773916131     0.00002271727006
5.16167126682868     0.00040248073758
5.16167280589826     0.00000768722171
5.16182464218180     0.00000000039365
5.16184808439006     0.00000404837717
5.16197166521417     0.00002957182803
5.16204235116355     0.00000000004178
5.16212157075602     0.00026713356329
5.16236253933053     0.00000000017434
5.16245690512545     0.00000000003124
5.16246779988063     0.00000072103822
5.16266950579594     0.00022287138655
5.16284554206354     0.00000000001396
5.16288475491640     0.00001863513939
5.16292722127106     0.00000000000467
5.16303190744694     0.00004313340878
5.16304088295882     0.00000000098657
5.16321387681563     0.00000000003357
5.16322304689210     0.00000151085478
5.16349868833002     0.00001203826340
5.16393907157735     0.00000894459370
5.16410754665274     0.00000000000088
5.16422485318985     0.00000942392155
5.16445761479821     0.00000018339340
5.16451037073750     0.00000000000852
5.16474732897789     0.00000000000127
5.16492201387879     0.00000033259442
5.16495301873955     0.00000000000388
5.16517154466122     0.00000000000002
5.16521875633100     0.00000000003854
5.16542764428764     0.00002235068160
5.16549546534287     0.00002874435861
5.16553366966205     0.00000000005883
5.16561007913093     0.00000000009664
5.16565410882193     0.00001043069274
5.16592728100937     0.00000000291232
5.16596750267183     0.00049988778988
5.16659704191602     0.00000000000418
5.16687008000746     0.00006439138781
5.16696325872784     0.00000000107299
5.16701729553541     0.00060132881976
5.16703010107866     0.00000000698042
5.16721622894465     0.00000444407801
5.16742893301973     0.00000000005519
5.16758615336052     0.00000417694740
5.16783337380327     0.00000000001501
5.16821407689728     0.00000015227810
5.16853098237870     0.00002914638204
5.16891573910845     0.00001028324266
5.16967367599471     0.00000000000011
5.16967970224738     0.00000000273220
5.16999703586049     0.00000004286413
5.17000123855367     0.00013954611205
5.17096832304344     0.00000000000032
5.17157310070980     0.00000000000007
5.17160693860128     0.00000000000000
5.17171696868850     0.00000007990812
5.17211693859021     0.00000000000029
5.17263080369585     0.00000928254996
5.17275548957359     0.00000000000744
5.17330960759678     0.00000000000062
5.17364827116634     0.00000241630312
5.17422429249607     0.00000000000742
5.17561964741192     0.00000000051282
5.17568326510479     0.00053461463181
5.17592716897580     0.00000447134306
5.17656928074980     0.00018142666225
5.17682226559371     0.00000000005660
5.17721326777084     0.00000527515552
5.17777724181902     0.00019552832372
5.17811542367898     0.00000000000173
5.17823388850006     0.00013572450369
5.17972126572697     0.00000332298851
5.18133054776911     0.00000000000149
5.18147284381207     0.00000001934084
5.18156294868843     0.00000000000034
5.18228863881977     0.00000000000799
5.18597627756786     0.00000079598666
5.18786980919495     0.00000000000871
5.18836470071197     0.00000000003052
5.18837403609477     0.00040859626958
5.18946732037196     0.00000000000001
5.18965307456460     0.00000005360758
5.19002246599385     0.00006233407075
5.19027902654284     0.00000000000001
5.19663091162696     0.00000000000000
5.19977889423359     0.00000000812927
5.20058755330626     0.00000156657148
5.20075152699828     0.00000000000000
5.25160059365343     0.09575095501277
5.53987653252005     0.00000003039187
5.53987914624966     0.00000002502209
5.57559568874193     0.00000002372452
5.57559827791665     0.00000001659247
5.57677030513798     0.00000002329055
5.57677285937499     0.00000001910666
5.57853282660757     0.00000002168718
5.57853535435497     0.00000002301036
5.58624032511208     0.00000001706993
5.58624509783320     0.00000001813052
5.59884223447919     0.00000001406081
5.59884483783230     0.00000001096024
5.60052245960982     0.00000001291607
5.60052500038475     0.00000001380146
5.60473500773447     0.00000001332776
5.60473757138503     0.00000001184125
5.60627154999700     0.00000001366077
5.60627868197806     0.00000001409355
5.61041964523448     0.00000001954638
5.61042175671465     0.00000002540538
5.61256954715247     0.00000001192657
5.61257669551388     0.00000001253677
5.61621245787860     0.00000001357812
5.61621360773244     0.00000001001034
5.61668231115472     0.00000001178958
5.61668343933536     0.00000001542678
5.61725514185957     0.00000001080908
5.61726231067543     0.00000001204635
5.61819975619914     0.00000001721492
5.61820106039469     0.00000000516099
5.62088961921693     0.00000001146439
5.62089232351034     0.00000001163653
5.62238602902019     0.00000001136660
5.62238862918562     0.00000001081941
5.62379749440300     0.00000000772650
5.62380006556387     0.00000000847193
5.62567490906967     0.00000001246202
5.62568203678774     0.00000001460113
5.62605115525577     0.00000001040336
5.62605368001822     0.00000001314804
5.62720024211867     0.00000001276736
5.62720284394436     0.00000000820684
5.62747251206114     0.00000001128599
5.62747515591263     0.00000001211047
5.62793048005211     0.00000001199229
5.62793302848391     0.00000001007460
5.62876989833018     0.00000001523678
5.62877199962753     0.00000001717913
5.62946158643374     0.00000001049695
5.62946433505717     0.00000001259168
5.62991402954545     0.00000001002035
5.62991661064901     0.00000001012864
5.63028095302773     0.00000001030162
5.63028347375808     0.00000001196125
5.63034053994013     0.00000001791780
5.63034197634807     0.00000000372779
5.63197214797469     0.00000001053822
5.63197466842414     0.00000000957644
5.63311444435762     0.00000000966831
5.63311697205626     0.00000001113906
5.63386523133736     0.00000001103191
5.63386630135753     0.00000001025121
5.63664359816444     0.00000000992644
5.63664618060598     0.00000001137128
5.63824791870924     0.00000001556596
5.63824852160552     0.00000000484090
5.63878947450941     0.00000001460333
5.63879206595732     0.00000001339421
5.63951184593376     0.00000000870509
5.63951445461763     0.00000001100614
5.63997138774970     0.00000001127704
5.63997846567545     0.00000000853445
5.63998290559065     0.00000002062939
5.63999136989657     0.00000001784281
5.64166390216858     0.00000001454886
5.64166600726414     0.00000001262433
5.64414228817716     0.00000000946168
5.64415065403151     0.00000000941154
5.64655373809209     0.00000001756096
5.64655683360581     0.00000001943024
5.64717702757778     0.00000000537486
5.64718341306806     0.00000000560061
5.65082860396067     0.00000001249198
5.65083559347506     0.00000001320552
5.65124491356655     0.00000001260552
5.65125188300905     0.00000001286375
5.65152942214408     0.00000001166752
5.65153148727468     0.00000001577378
5.65201218965895     0.00000001238943
5.65201915017289     0.00000001233122
5.65254197883743     0.00000000971308
5.65255033724621     0.00000000901182
5.65292583463133     0.00000001211085
5.65293282879511     0.00000001217339
5.65466393103734     0.00000001504498
5.65466652681242     0.00000000944258
5.65472096424492     0.00000001273088
5.65472786064543     0.00000001287305
5.65479862238749     0.00000000932284
5.65480040499889     0.00000001024553
5.65560435731617     0.00000000188860
5.65561014338685     0.00000000181022
5.65575743524255     0.00000000440743
5.65575843173209     0.00000000311250
5.65666278352226     0.00000002336130
5.65666600625629     0.00000002683243
5.65675499771243     0.00000000987098
5.65676320186341     0.00000000979006
5.65695242181232     0.00000000780976
5.65695425404367     0.00000000877486
5.65755832646587     0.00000000404037
5.65756531764502     0.00000000408263
5.65914081275407     0.00000000983804
5.65914340844995     0.00000001099409
5.65935715116134     0.00000000495080
5.65935817068198     0.00000000530914
5.65949684937360     0.00000000976480
5.65949754858392     0.00000001884985
5.65968868550122     0.00000001143007
5.65969568944312     0.00000001065841
5.66011160105529     0.00000000636294
5.66011350005294     0.00000000975957
5.66013826960732     0.00000000569086
5.66014113531474     0.00000000577043
5.66077587672964     0.00000001005586
5.66077761711942     0.00000000118867
5.66083444571034     0.00000001289670
5.66084269157433     0.00000001206704
5.66108507174969     0.00000001167304
5.66108603810918     0.00000000791384
5.66211647263507     0.00000001372020
5.66211853906204     0.00000001525192
5.66292064755609     0.00000000987548
5.66292271906605     0.00000001408618
5.66299257161231     0.00000002200501
5.66299385497267     0.00000000170362
5.66341687298955     0.00000000679552
5.66341977984634     0.00000000633579
5.66380081395391     0.00000000833352
5.66380349132099     0.00000000936405
5.66408301167238     0.00000001474920
5.66408563686575     0.00000000800740
5.66444987774299     0.00000000411130
5.66445287678644     0.00000000342347
5.66451433451597     0.00000000413925
5.66451620605063     0.00000000588562
5.66507870465191     0.00000001474524
5.66508696075222     0.00000001546917
5.66528862883371     0.00000000814807
5.66529119055222     0.00000001028020
5.66542550608237     0.00000001038505
5.66542808705358     0.00000001058795
5.66555115349845     0.00000000012019
5.66556007512120     0.00000001025976
5.66568011179346     0.00000001531355
5.66568710477340     0.00000001707286
5.66657245976474     0.00000000533010
5.66657320612697     0.00000001519988
5.66663885351441     0.00000000986102
5.66664093273415     0.00000001448129
5.66686029065487     0.00000000208081
5.66686728355995     0.00000000210194
5.66692668808381     0.00000000286900
5.66692770358558     0.00000000471448
5.66701135725034     0.00000001025663
5.66701377517092     0.00000001211860
5.66738887753292     0.00000000627744
5.66738998971453     0.00000000331375
5.66782013753140     0.00000001296732
5.66782710998128     0.00000001376202
5.66857613368055     0.00000000503749
5.66858319157736     0.00000000510474
5.66878212333626     0.00000001070538
5.66878426283928     0.00000000896651
5.66920230717791     0.00000000460423
5.66920674462738     0.00000000438212
5.66926482274279     0.00000000881723
5.66926551610127     0.00000001436252
5.66977927386698     0.00000000515489
5.66978240530568     0.00000000318856
5.66992232462173     0.00000001264947
5.66992900584426     0.00000001596747
5.66993453605791     0.00000000699702
5.66993685614148     0.00000000488649
5.67013452555292     0.00000000791030
5.67014295130223     0.00000000801606
5.67029499196880     0.00000000507320
5.67029759145576     0.00000000317744
5.67040313030542     0.00000000002674
5.67040872043516     0.00000000002696
5.67050908597976     0.00000000403179
5.67051157544485     0.00000000444903
5.67090365336931     0.00000001011270
