# Absorption spectrum
# exc. energy / eV    osc. strength
4.93220573688435     0.03699046172567
4.94777535866432     0.00000104737935
4.94895381086486     0.00000000000009
4.95024006568626     0.00000000000028
4.95041338806175     0.00000131922453
4.95205399057812     0.00000000155167
4.95211055861596     0.00001776933374
4.95263446539492     0.00000143655954
4.95298142250827     0.00000000002304
4.95336586929185     0.00000000016449
4.95371029264510     0.00000098439285
4.95430155491340     0.00000749434512
4.95438946324118     0.00000000000605
4.95521483226179     0.00000432161768
4.95685230307206     0.00000000000938
4.95758099074166     0.00000000000024
4.95808079565494     0.00001030340692
4.95809631893003     0.00000000448834
4.95872596923358     0.00000467815621
4.95968338359087     0.00000625241638
4.96056851111702     0.00000770144343
4.96181977447504     0.00000001837440
4.96185837092261     0.00000000001043
4.96242041567443     0.00000000002441
4.96373697366120     0.00000530789285
4.96471518630919     0.00000000001022
4.96587218422044     0.00000000000041
4.96746183576284     0.00000000011882
4.96815067279947     0.00012380559733
4.96835921806586     0.00000669220632
4.96938514657736     0.00000000000000
4.97145973307917     0.00000000174006
4.97152426697275     0.00004681847226
4.97220361758452     0.00000000004910
4.97414058643852     0.00009570034855
4.97531537177854     0.00000000000299
4.97599730055370     0.00000000006136
4.97647853038719     0.00002107393093
4.97786244726509     0.00000000003946
4.97797422653225     0.00000741273771
4.97837375594595     0.00000050710323
4.97847464734029     0.00000000003320
4.97939644663323     0.00000000008168
4.97987064550952     0.00000000000195
4.98025075454511     0.00007099204347
4.98075720126903     0.00000176906963
4.98202782995579     0.00000000000000
4.98269237721122     0.00001769549794
4.98339687903826     0.00000011531893
4.98397658023636     0.00000000000023
4.98508591065509     0.00000000000004
4.98562086241914     0.00002583053744
4.98620238272979     0.00000000000375
4.98653265824156     0.00000480176447
4.98745158600524     0.00000000000008
4.98774446258793     0.00000109459618
4.98803439020175     0.00000000001159
4.98882278255791     0.00001983968520
4.98921763711531     0.00000000007809
4.99014685633170     0.00002445667447
4.99022175444079     0.00000000000002
4.99093907431794     0.00000599520570
4.99232767308056     0.00000000000002
4.99244360947270     0.00003189781871
4.99306402867382     0.00000990767767
4.99394739732974     0.00000000000160
4.99426055691036     0.00000000000526
4.99465080669164     0.00013828388860
4.99505613255434     0.00000000012835
4.99548759395536     0.00001628237170
4.99588842125573     0.00004734574346
4.99617036699058     0.00000000039667
4.99769161495979     0.00013820059786
4.99770019986966     0.00000085470120
4.99826916541491     0.00000000025552
4.99914710946122     0.00000490304140
5.00001248771600     0.00023307893050
5.00025435543349     0.00000000155927
5.00154564473321     0.00000000302022
5.00180679336093     0.00075592116476
5.00319395187707     0.00042918474303
5.00551183665863     0.00000000054404
5.00601130874091     0.00343685605874
5.00779400054362     0.00000000000993
5.00954410679073     0.00000000001639
5.01041924459202     0.00000000000773
5.01042465660989     0.00000000154046
5.01074829548877     0.00000223041859
5.01119482665841     0.00000000014397
5.01121715412098     0.00000775615927
5.01180804979384     0.00000661966561
5.01292723054747     0.00001069004226
5.01328300306095     0.00000000000169
5.01407685343612     0.00011573895687
5.01422025507146     0.00000000004822
5.01472207677418     0.00000000175637
5.01479044939555     0.00003356472936
5.01581816239101     0.00000000000409
5.01641399299002     0.00000917607535
5.01678361988270     0.00000000000712
5.01768232795514     0.00000000005624
5.01779645042745     0.00001044590244
5.01841594214729     0.00000994761598
5.01877281695922     0.00000000000198
5.02052239739416     0.00006014792725
5.02086299901005     0.00000000009491
5.02238423177287     0.00124310750724
5.02360096689711     0.00000000045126
5.02416088682605     0.00018489244273
5.02450650662200     0.00000609225040
5.02463208461302     0.00000000020783
5.02643686282234     0.00000000005192
5.02700382006791     0.00000000865595
5.02844590520954     0.00000000000803
5.02911978027949     0.00000001566754
5.02933628019847     0.00000000001794
5.03058690806941     0.00000789762025
5.03164153524015     0.00000000015746
5.03192768051072     0.00006815121791
5.03312019771693     0.00000000040212
5.03330106997823     0.00001470403829
5.03405182253019     0.00000000000049
5.03417946859222     0.00003440549877
5.03447081484775     0.00024543510891
5.03532866836023     0.00000000000248
5.03589621774582     0.00000000001810
5.03681510168074     0.00000000000227
5.03710002489875     0.00000017458740
5.03741940911205     0.00000000000055
5.03779872730361     0.00000016260731
5.03868665480823     0.00000000007368
5.03876546543356     0.00001129966100
5.03929933095886     0.00000000002519
5.03978785163028     0.00000004607142
5.03996390909912     0.00000000000030
5.04071860737714     0.00000000000428
5.04119345861977     0.00030305112708
5.04167862558270     0.00036405813487
5.04219696124497     0.00017209089531
5.04335130333122     0.00003570765564
5.04335264165561     0.00249895070706
5.04474135175903     0.00056841391172
5.04487208125004     0.00000000225504
5.04519243359252     0.00000341458878
5.04656529332332     0.00000000044360
5.04709144499329     0.00000000004589
5.04728594994756     0.00014279483625
5.04801056639329     0.00000000025699
5.04829284844124     0.00144259529011
5.04873415355047     0.00056647577981
5.04886925936034     0.00000000074043
5.04909399820658     0.00000000007814
5.04940617289451     0.00000000005523
5.04972146003009     0.00000520962655
5.04979529262881     0.00000000063430
5.05078190275278     0.00026622501696
5.05079694164133     0.00000007806589
5.05139023446145     0.00005674177153
5.05195943730282     0.00005871211035
5.05245020212470     0.00000000429553
5.05324536784423     0.00768728904747
5.05345036955180     0.01073630558423
5.05367856131722     0.00000000043787
5.05398937144835     0.00810954274880
5.05481485225174     0.00000000135906
5.05502536533840     0.00069836215971
5.05521165708616     0.00000000013561
5.05536240802831     0.01998309958804
5.05585586737717     0.00547047713812
5.05603372247059     0.00000000025436
5.05670346741513     0.00000000017847
5.05679790907648     0.00016233671025
5.05760472669249     0.00003722224618
5.05780767729106     0.00000000010684
5.05869562316561     0.00009362544931
5.05899260592524     0.00000000010481
5.06031557500377     0.00000343758552
5.06083184009607     0.00325902436118
5.06098394514965     0.00000000016827
5.06192228478972     0.00012200621422
5.06234242404542     0.00000000005141
5.06279885680804     0.00000000017808
5.06394174320313     0.00005246817111
5.06513850033292     0.00155645137896
5.06591385751407     0.00000000005487
5.06651462393262     0.00069652222489
5.06696681789482     0.00000000019031
5.06831088749727     0.00000000000054
5.06960282894841     0.00000008665184
5.07091186881016     0.00000000107186
5.07093995416785     0.00010636610869
5.07221460649358     0.00010721243259
5.07232613839578     0.00000000026172
5.07408665076140     0.00000000000507
5.07902132807972     0.00011447027424
5.08024788349038     0.00000000002088
5.08127325730675     0.00304125394555
5.08134793911659     0.00000000659624
5.08265749541095     0.00000000010193
5.08315813370474     0.00044429913445
5.08884886487788     0.00000000000012
5.08985757814717     0.00000081276569
5.09940127277418     0.00000000000001
5.10152914336555     0.00008998700357
5.15373974151078     0.00000000000000
5.15402757343462     0.00000603818514
5.15431351115138     0.00000168334212
5.15434401894541     0.00000000001444
5.15434649091390     0.00000007627330
5.15439283616619     0.00000000001518
5.15452011791450     0.00000519698456
5.15452848236064     0.00000000045812
5.15457359413791     0.00000000018350
5.15469266022614     0.00000013903500
5.15472361784429     0.00000000056502
5.15473385380460     0.00000192782227
5.15482364798268     0.00000000405824
5.15487390225732     0.00000000000070
5.15489200778542     0.00000000000223
5.15492647455542     0.00000000892614
5.15496593137822     0.00000000000187
5.15503723738458     0.00000000002975
5.15504703952317     0.00000042475498
5.15512203746040     0.00000000000246
5.15520733553721     0.00000000000000
5.15523509203623     0.00000000277472
5.15526363556667     0.00000067930389
5.15538065374644     0.00000031391634
5.15539410823805     0.00000000020086
5.15542460560510     0.00000071923099
5.15554249513342     0.00000000017323
5.15556944042641     0.00000199298935
5.15557935588101     0.00000000035124
5.15567509393455     0.00000000000068
5.15574204043496     0.00000264182334
5.15580325166065     0.00000074733445
5.15582792951955     0.00000000001136
5.15587478950546     0.00000000000173
5.15592550152648     0.00000056007548
5.15595651550373     0.00000000125578
5.15599084943951     0.00000000000061
5.15602905681097     0.00000009681848
5.15609687410181     0.00000000000002
5.15616698808224     0.00000001358486
5.15617289863132     0.00000000001611
5.15621796535304     0.00000001239559
5.15622291662946     0.00000000000072
5.15634174119189     0.00000000000233
5.15650970438254     0.00000000000166
5.15653528797893     0.00000022115079
5.15660796907435     0.00000125536035
5.15662370973474     0.00000000001613
5.15666630196191     0.00000014217216
5.15677777964228     0.00000000816636
5.15681682746832     0.00000000000452
5.15686913600549     0.00000000002038
5.15691883022285     0.00000103358024
5.15699806834823     0.00000000000001
5.15702810392706     0.00000011531801
5.15705160329268     0.00000000010518
5.15707496160605     0.00000073583185
5.15715930887623     0.00000000000093
5.15722713220159     0.00000096541277
5.15726729245795     0.00000000000691
5.15735282081806     0.00000002808693
5.15746069145694     0.00000000181891
5.15747538555946     0.00000620395921
5.15768462598695     0.00000000000137
5.15771706274296     0.00000005954188
5.15784451198585     0.00000000000158
5.15786135414496     0.00000000001137
5.15795462885605     0.00000047500973
5.15797306652050     0.00000000003464
5.15801227835121     0.00001121646414
5.15816926760900     0.00000000000504
5.15817916267970     0.00000100704643
5.15824184872608     0.00000000001048
5.15828839249586     0.00000000001331
5.15836209312838     0.00000000000269
5.15840127410603     0.00000420228533
5.15841374869447     0.00000000046172
5.15847928544292     0.00000039695560
5.15860602329917     0.00000000000176
5.15865585659339     0.00000019174343
5.15873745725501     0.00000104298067
5.15883172525900     0.00000096181837
5.15884956726899     0.00000000011215
5.15887657490145     0.00001131103878
5.15888022288870     0.00000000483781
5.15910583212016     0.00000000132836
5.15910857301441     0.00001637170646
5.15925622378322     0.00000426060726
5.15926380552270     0.00000000060998
5.15927685559421     0.00000003870321
5.15940374047895     0.00000392068182
5.15947828629547     0.00000127507713
5.15954271091972     0.00000000000001
5.15963357529400     0.00000204574466
5.15970142543375     0.00000000004575
5.15972476077716     0.00000690017571
5.15983196490089     0.00000908841119
5.15994563941358     0.00000000002777
5.16001235811497     0.00000000000210
5.16005290538417     0.00000031074500
5.16010319669042     0.00000000008518
5.16023100136371     0.00000000105596
5.16024281347374     0.00001548884178
5.16045793809699     0.00001093919936
5.16057319790877     0.00000000000378
5.16071272115879     0.00000000358672
5.16072573077119     0.00002065261799
5.16094556003523     0.00000000000101
5.16097899480787     0.00000000001000
5.16113194275413     0.00000150172499
5.16115356212532     0.00000000023617
5.16119530452479     0.00001117149567
5.16141728156750     0.00000000401094
5.16143423934460     0.00003677822629
5.16160267374397     0.00000041751639
5.16167277720860     0.00000000004488
5.16182464205824     0.00000000001656
5.16184667831389     0.00000020650961
5.16195213675784     0.00000455041663
5.16203507734309     0.00000894916181
5.16204235127802     0.00000000013393
5.16236253926393     0.00000000001087
5.16245690510773     0.00000000000429
5.16246738402323     0.00000010220352
5.16257963873766     0.00001401680787
5.16284554205841     0.00000000000081
5.16287833031475     0.00000092894570
5.16292722126946     0.00000000000023
5.16301611178395     0.00000241331715
5.16304088282625     0.00000000000761
5.16321387680093     0.00000000000275
5.16322242273995     0.00000011002974
5.16349254285466     0.00000133402926
5.16393324856168     0.00000161268129
5.16410754665210     0.00000000000020
5.16421791380866     0.00000217195715
5.16445746070292     0.00000005528893
5.16451037073003     0.00000000000280
5.16474732897648     0.00000000000066
5.16492155240896     0.00000027323994
5.16495301873395     0.00000000000345
5.16517154466117     0.00000000000005
5.16521875617607     0.00000000026596
5.16530171703204     0.00010856637852
5.16545702531610     0.00000887728642
5.16553366957782     0.00000000005150
5.16558018517230     0.00003946265795
5.16561007941955     0.00000000036814
5.16567285928825     0.00001142915774
5.16592728126088     0.00000000000928
5.16659704190366     0.00000000001561
5.16664971765168     0.00005981177690
5.16689091004456     0.00000228455075
5.16696325884933     0.00000000000587
5.16703010093594     0.00000000000125
5.16721527917082     0.00000008639926
5.16742893300086     0.00000000000275
5.16758444766582     0.00000029696102
5.16783337379579     0.00000000000159
5.16821397957248     0.00000002656334
5.16851082309370     0.00000590035182
5.16890802320450     0.00000246233285
5.16967367599456     0.00000000000008
5.16967969854816     0.00000000213899
5.16987603450044     0.00004649516287
5.16999703719446     0.00000000001772
5.17096832304312     0.00000000000014
5.17157310070972     0.00000000000004
5.17160693860127     0.00000000000000
5.17171686711977     0.00000005513357
5.17211693858979     0.00000000000026
5.17261521581870     0.00001111469866
5.17275548956195     0.00000000000779
5.17330960759539     0.00000000000134
5.17364156890892     0.00000789696589
5.17422429245140     0.00000000011486
5.17455650726102     0.00071064892763
5.17561964747455     0.00000000000327
5.17592522472860     0.00000035810012
5.17639490238821     0.00005870957792
5.17682226555162     0.00000000001338
5.17720454540589     0.00000603028267
5.17751040707959     0.00012178317394
5.17811542366724     0.00000000003401
5.17812709634378     0.00003107670854
5.17971613879817     0.00000337201192
5.18133054776532     0.00000000000411
5.18147279240503     0.00000005835313
5.18156294868750     0.00000000000109
5.18228863879200     0.00000000004118
5.18525980948830     0.00391214938323
5.18598558997210     0.00004585363608
5.18786980920526     0.00000000000522
5.18836470071266     0.00000000000001
5.18946732037192     0.00000000000011
5.18965205578625     0.00000814943828
5.18971585920223     0.00044741329772
5.19027902654281     0.00000000000005
5.19135438019789     0.00327731833097
5.19663091162696     0.00000000000000
5.19977890903103     0.00000001150282
5.20059020619120     0.00000191815542
5.20075152699828     0.00000000000000
5.53987650400319     0.00000001142360
5.53987912322916     0.00000000904196
5.57559566561749     0.00000000962373
5.57559826198558     0.00000000653094
5.57677028238185     0.00000000948935
5.57677284100461     0.00000000753824
5.57853280534812     0.00000000889594
5.57853533218133     0.00000000911981
5.58624030833641     0.00000000703996
5.58624508014389     0.00000000737020
5.59884222048171     0.00000000594645
5.59884482702482     0.00000000454777
5.60052244670610     0.00000000549269
5.60052498673975     0.00000000574784
5.60473499438767     0.00000000570263
5.60473755964233     0.00000000496843
5.60627153637027     0.00000000583093
5.60627866797451     0.00000000596931
5.61041962543202     0.00000000857456
5.61042173151980     0.00000001067919
5.61256953522385     0.00000000514575
5.61257668302605     0.00000000537228
5.61621244408396     0.00000000597817
5.61621359777005     0.00000000422923
5.61668229914378     0.00000000524558
5.61668342399436     0.00000000653855
5.61725513097985     0.00000000470062
5.61726229858905     0.00000000520530
5.61819973879131     0.00000000753143
5.61820105526493     0.00000000218156
5.62088960759115     0.00000000504370
5.62089231181160     0.00000000503191
5.62238601751282     0.00000000501169
5.62238861832500     0.00000000468908
5.62379748650238     0.00000000340914
5.62380005695645     0.00000000369036
5.62567489639750     0.00000000550236
5.62568202199735     0.00000000639744
5.62605114458788     0.00000000462492
5.62605366666356     0.00000000573489
5.62720022912405     0.00000000566375
5.62720283565952     0.00000000358166
5.62747250058275     0.00000000502161
5.62747514383855     0.00000000529281
5.62793046781485     0.00000000533345
5.62793301829536     0.00000000440245
5.62876988273227     0.00000000684464
5.62877198231465     0.00000000747912
5.62946157574146     0.00000000468620
5.62946432234153     0.00000000552640
5.62991401947054     0.00000000447004
5.62991660054494     0.00000000444828
5.63028094270705     0.00000000460943
5.63028346193705     0.00000000525905
5.63034052170620     0.00000000796986
5.63034197261189     0.00000000160845
5.63197213718539     0.00000000471611
5.63197465869933     0.00000000421652
5.63311443449965     0.00000000434067
5.63311696078554     0.00000000491804
5.63386521996969     0.00000000500986
5.63386629100645     0.00000000447022
5.63664358837121     0.00000000448161
5.63664616933020     0.00000000505056
5.63824790291608     0.00000000709512
5.63824851686098     0.00000000206251
5.63878945961358     0.00000000662641
5.63879205244859     0.00000000594605
5.63951183700850     0.00000000394665
5.63951444341817     0.00000000491349
5.63997137613854     0.00000000511207
5.63997845689473     0.00000000387314
5.63998288441342     0.00000000926272
5.63999135162535     0.00000000796495
5.64166388718906     0.00000000664142
5.64166599443618     0.00000000561272
5.64414227850107     0.00000000429356
5.64415064442840     0.00000000425122
5.64655371986813     0.00000000808310
5.64655681368954     0.00000000872580
5.64717702202324     0.00000000244843
5.64718340729048     0.00000000254226
5.65082859093689     0.00000000573688
5.65083557975676     0.00000000601839
5.65124490061841     0.00000000578995
5.65125186984246     0.00000000586456
5.65152940996717     0.00000000542541
5.65153147103730     0.00000000713558
5.65201217677648     0.00000000569603
5.65201913739875     0.00000000562792
5.65254196899035     0.00000000446396
5.65255032812964     0.00000000412300
5.65292582190339     0.00000000557474
5.65293281604602     0.00000000556292
5.65466391576221     0.00000000698010
5.65466651733245     0.00000000429848
5.65472095125336     0.00000000587414
5.65472784756650     0.00000000589595
5.65479861500032     0.00000000432661
5.65480039705352     0.00000000467389
5.65560435534706     0.00000000087046
5.65561014150105     0.00000000083324
5.65575743158501     0.00000000203888
5.65575842915980     0.00000000142197
5.65666275901405     0.00000001096770
5.65666597856206     0.00000001219587
5.65675498743708     0.00000000456042
5.65676319169649     0.00000000450107
5.65695241363883     0.00000000363827
5.65695424505293     0.00000000401212
5.65755832295484     0.00000000186932
5.65756531411779     0.00000000188512
5.65914080252502     0.00000000459640
5.65914339711187     0.00000000505187
5.65935714744383     0.00000000231370
5.65935816670083     0.00000000244397
5.65949683971200     0.00000000476491
5.65949753065881     0.00000000849616
5.65968867344804     0.00000000530996
5.65969567824067     0.00000000491883
5.66011159636478     0.00000000297662
5.66011349297705     0.00000000450947
5.66013826831290     0.00000000264378
5.66014113393338     0.00000000267591
5.66077586610350     0.00000000467727
5.66077761587277     0.00000000054543
5.66083443223436     0.00000000600056
5.66084267900568     0.00000000557957
5.66108506010778     0.00000000550669
5.66108603037303     0.00000000358684
5.66211645820880     0.00000000647607
5.66211852325033     0.00000000699159
5.66292063841869     0.00000000466029
5.66292270616636     0.00000000650741
5.66299255023689     0.00000001026762
5.66299385334657     0.00000000076714
5.66341686777609     0.00000000317917
5.66341977497874     0.00000000294361
5.66380080666248     0.00000000391095
5.66380348316740     0.00000000434418
5.66408299811507     0.00000000691920
5.66408562955780     0.00000000369730
5.66444987387875     0.00000000192445
5.66445287357825     0.00000000159499
5.66451433041909     0.00000000194349
5.66451620024097     0.00000000273429
5.66507868930912     0.00000000691434
5.66508694471797     0.00000000719907
5.66528862181044     0.00000000383556
5.66529118174873     0.00000000477985
5.66542549495751     0.00000000489231
5.66542807580882     0.00000000490225
5.66555115337264     0.00000000005628
5.66556006437881     0.00000000479267
5.66568009643927     0.00000000719098
5.66568708798477     0.00000000794445
5.66657245555358     0.00000000257839
5.66657319436885     0.00000000704335
5.66663884518759     0.00000000467074
5.66664092056193     0.00000000672521
5.66686028850024     0.00000000097463
5.66686728138073     0.00000000098335
5.66692668507120     0.00000000135605
5.66692769867389     0.00000000219382
5.66701134648798     0.00000000484887
5.66701376258296     0.00000000561960
5.66738887095548     0.00000000295732
5.66738998627361     0.00000000153329
5.66782012393431     0.00000000610089
5.66782709561013     0.00000000642314
5.66857612947290     0.00000000236976
5.66858318725908     0.00000000239558
5.66878211218315     0.00000000506912
5.66878425358444     0.00000000416556
5.66920230236097     0.00000000216689
5.66920674005947     0.00000000205373
5.66926481396006     0.00000000431010
5.66926550238954     0.00000000657800
5.66977926835159     0.00000000242901
5.66978240187573     0.00000000149392
5.66992231148346     0.00000000598428
5.66992898996941     0.00000000750014
5.66993453103767     0.00000000328567
5.66993685265026     0.00000000228238
5.67013451835451     0.00000000372738
5.67014294401820     0.00000000376439
5.67029500267760     0.00000000237246
5.67029759839513     0.00000000150631
5.67040313126721     0.00000000001233
5.67040872142509     0.00000000001243
5.67050908092862     0.00000000190330
5.67051156997383     0.00000000208272
5.67090364435954     0.00000000476400
