# Absorption spectrum
# exc. energy / eV    osc. strength
4.94777466876782     0.00000002549190
4.94895381086481     0.00000000000000
4.95024006568603     0.00000000000001
4.95041225811902     0.00000002991408
4.95205398813262     0.00000000029020
4.95209173482976     0.00000150757653
4.95263284941714     0.00000020014510
4.95298142248158     0.00000000000282
4.95336586909015     0.00000000002228
4.95370893220336     0.00000026234911
4.95429153760129     0.00000103344743
4.95438946323374     0.00000000000080
4.95520858093954     0.00000058970420
4.95685230305383     0.00000000000376
4.95758099074097     0.00000000000035
4.95804931101197     0.00001641816269
4.95809631426566     0.00000000091562
4.95871564589519     0.00000124929613
4.95966689370755     0.00000297070367
4.96054350539827     0.00000817109991
4.96181967902270     0.00000006702442
4.96185837088840     0.00000000000002
4.96242041551511     0.00000000014287
4.96365289677004     0.00016296194699
4.96471518555117     0.00000000726747
4.96493208697965     0.00207409270318
4.96587218422339     0.00000000001013
4.96746183616427     0.00000000024784
4.96834541695994     0.00000452924459
4.96889250826979     0.00057253031009
4.96938514657724     0.00000000000000
4.97145973486173     0.00000000034079
4.97168285526157     0.00012036730547
4.97220361777264     0.00000000016173
4.97439479665018     0.00014982316987
4.97531537178854     0.00000000000462
4.97599730070029     0.00000000006723
4.97653439356648     0.00001964068460
4.97786244734098     0.00000000002365
4.97798884364725     0.00000683913378
4.97837371771230     0.00000142395192
4.97847464738694     0.00000000004480
4.97939644672782     0.00000000008757
4.97987064551187     0.00000000000110
4.98034572660811     0.00007055402064
4.98076172565697     0.00000107137873
4.98202782995578     0.00000000000001
4.98272226568739     0.00000576326877
4.98339699766783     0.00000011340618
4.98397658023672     0.00000000000006
4.98508591065509     0.00000000000007
4.98565551560406     0.00000606796980
4.98620238273484     0.00000000000092
4.98652424019499     0.00001840741964
4.98745158600453     0.00000000000097
4.98774553199120     0.00000045120397
4.98803439021227     0.00000000000524
4.98884288777851     0.00000509252417
4.98921763717509     0.00000000004687
4.99016213914528     0.00001575858537
4.99022175443996     0.00000000000087
4.99094560314801     0.00000001417822
4.99232767308042     0.00000000000023
4.99245923105178     0.00001932355933
4.99306767962901     0.00000737034417
4.99394739733057     0.00000000000057
4.99426055691170     0.00000000000303
4.99476048257001     0.00000546190649
4.99505613268809     0.00000000000357
4.99550092678099     0.00000024775186
4.99591541705405     0.00001950424078
4.99617036729152     0.00000000009586
4.99770014104264     0.00000000189106
4.99777358928453     0.00002254330139
4.99826916557344     0.00000000005318
4.99914986093178     0.00000000227914
5.00011900746860     0.00002776241082
5.00025435664126     0.00000000054126
5.00154564535016     0.00000000007872
5.00212995719696     0.00008040617383
5.00340308906452     0.00007023843922
5.00551183673045     0.00000000000237
5.00779400052967     0.00000000001036
5.00902396677838     0.00068956757241
5.00954410685918     0.00000000011809
5.01041924354202     0.00000000175864
5.01042339582058     0.00000159027563
5.01075293913769     0.00000104856457
5.01119482679555     0.00000000004999
5.01123137288663     0.00000158912299
5.01181638447451     0.00000385667740
5.01293793796916     0.00000324475295
5.01328300306265     0.00000000000023
5.01418597066359     0.00002065251357
5.01422025524921     0.00000000015219
5.01472207791503     0.00000000042244
5.01482184404411     0.00001520369287
5.01581816238954     0.00000000000994
5.01641650782433     0.00001039274323
5.01678361988809     0.00000000000124
5.01768232798051     0.00000000002743
5.01780269948357     0.00000274224280
5.01841741173029     0.00001073838699
5.01877281696043     0.00000000000022
5.02054731590347     0.00001050663666
5.02086299902136     0.00000000007743
5.02298875189742     0.00028474368781
5.02360096727760     0.00000000023833
5.02430738300442     0.00006212239957
5.02451412106828     0.00000560412424
5.02463208485759     0.00000000010837
5.02643686285627     0.00000000000189
5.02700366522182     0.00000037222629
5.02844590520765     0.00000000001509
5.02911846495907     0.00000333153981
5.02933628020010     0.00000000001786
5.03058992338273     0.00000108318933
5.03164153527025     0.00000000007950
5.03194970596235     0.00001365207841
5.03312019782254     0.00000000010624
5.03330104369747     0.00001584214433
5.03405182252437     0.00000000002293
5.03418044682494     0.00003349484881
5.03444941571369     0.00030351128957
5.03532866836070     0.00000000000110
5.03589621775028     0.00000000000399
5.03681510168048     0.00000000000277
5.03709972740110     0.00000105495376
5.03741940911218     0.00000000000004
5.03779876847567     0.00000000430965
5.03868665481167     0.00000000004445
5.03876778038969     0.00000110378938
5.03929933096200     0.00000000000811
5.03978785629922     0.00000001639227
5.03996390909913     0.00000000000017
5.04071860737696     0.00000000000328
5.04123339392259     0.00002617717328
5.04172427303110     0.00006484961894
5.04216665754192     0.00020946730126
5.04335132213468     0.00000000000538
5.04378770346722     0.00006682999365
5.04487040006575     0.00002024042530
5.04487211922214     0.00000046124900
5.04519332711183     0.00000027307640
5.04656529338566     0.00000000001093
5.04709144499843     0.00000000000101
5.04730190302724     0.00000450972002
5.04801056640671     0.00000000002750
5.04843505958899     0.00000021894985
5.04882384913113     0.00000000916509
5.04886925966097     0.00000000001762
5.04909399821480     0.00000000002143
5.04940617290031     0.00000000000451
5.04971888064311     0.00001625672193
5.04979529263327     0.00000000029805
5.05077795386410     0.00012232548230
5.05079694152989     0.00000002321773
5.05139295494388     0.00000267810870
5.05196163519068     0.00000164927971
5.05245020224851     0.00000000002761
5.05331805744905     0.00000241047234
5.05367856129538     0.00000000002541
5.05375472104492     0.00001490522464
5.05455126561674     0.00000132389071
5.05481485231173     0.00000000000660
5.05503932817889     0.00000063544528
5.05521165708726     0.00000000000015
5.05576720788654     0.00000641577451
5.05603372246672     0.00000000000255
5.05670346740774     0.00000000000918
5.05679008098998     0.00001731220397
5.05760243907040     0.00000253299918
5.05780767728406     0.00000000000717
5.05868646339380     0.00001639140802
5.05899260591451     0.00000000001638
5.06024839525086     0.00223206906958
5.06032449273875     0.00022836454022
5.06098394513390     0.00000000008521
5.06190725316648     0.00003759113427
5.06234242403193     0.00000000010423
5.06279885677510     0.00000000015625
5.06392961927255     0.00006597914157
5.06461967543561     0.00481142855327
5.06591385749259     0.00000000026509
5.06640167390711     0.00023074768156
5.06696681786051     0.00000000027903
5.06831088746933     0.00000000173391
5.06956434287454     0.01751365482654
5.06976080673308     0.07206381925435
5.07091186736892     0.00000005708776
5.07091632513493     0.00013621792482
5.07220250354410     0.00056509472616
5.07232613836618     0.00000000097477
5.07408665076029     0.00000000000837
5.07895676359667     0.00004954872292
5.08024788339781     0.00000000125276
5.08032539084520     0.00106645163343
5.08134793896511     0.00000000000751
5.08265749539102     0.00000000003982
5.08309375931862     0.00028263527005
5.08884886487786     0.00000000000009
5.08985856675765     0.00000631276498
5.09940127277418     0.00000000000002
5.10147915099789     0.00000026028412
5.15373974151078     0.00000000000000
5.15403543540383     0.00001083869927
5.15431517994426     0.00000269215308
5.15434401899211     0.00000000004141
5.15434675654793     0.00000026040800
5.15439283619109     0.00000000003042
5.15452586800387     0.00000886223292
5.15452848406343     0.00000000831671
5.15457359436023     0.00000000038261
5.15469251765918     0.00000005261545
5.15472361864053     0.00000000068663
5.15473783254667     0.00000458596161
5.15482365080639     0.00000000621070
5.15487390225865     0.00000000000157
5.15489200778508     0.00000000000205
5.15492700099252     0.00000033566227
5.15496608704245     0.00000009544731
5.15503723747265     0.00000000006720
5.15504885120536     0.00000151954502
5.15512203748247     0.00000000001565
5.15520733559917     0.00000000003280
5.15523585157847     0.00000038078915
5.15526631157464     0.00000218553566
5.15538311800333     0.00000145097833
5.15539411035992     0.00000000139499
5.15543344272428     0.00000617299756
5.15554249535471     0.00000000028131
5.15557261194129     0.00000408506572
5.15557935661575     0.00000000144028
5.15567509393934     0.00000000000336
5.15574728365314     0.00000581259229
5.15580464143035     0.00000179773937
5.15582792956495     0.00000000004578
5.15587478950434     0.00000000000106
5.15593035530226     0.00000352613934
5.15595814983425     0.00000125069226
5.15599084952145     0.00000000005845
5.15603010284415     0.00000081159998
5.15609687410184     0.00000000000004
5.15616777394573     0.00000049449985
5.15617289881709     0.00000000015047
5.15621893295349     0.00000061148036
5.15622291672200     0.00000000007217
5.15634174119541     0.00000000000452
5.15650970439772     0.00000000000947
5.15653574148767     0.00000045025901
5.15661273166519     0.00000398347410
5.15662370973719     0.00000000002617
5.15666606460112     0.00000000959023
5.15677794044546     0.00000009681273
5.15681682747945     0.00000000001052
5.15686913604871     0.00000000004124
5.15692149642115     0.00000245532779
5.15699806834825     0.00000000000001
5.15702883637200     0.00000049114515
5.15705160340611     0.00000000016065
5.15707653091972     0.00000161109129
5.15715930888090     0.00000000000340
5.15722670494013     0.00000074784246
5.15726729246368     0.00000000000963
5.15735350534581     0.00000033783135
5.15746069262434     0.00000000143604
5.15748007689085     0.00000843121752
5.15768462598652     0.00000000000111
5.15771702738912     0.00000003984251
5.15784451198954     0.00000000000283
5.15786135417599     0.00000000002154
5.15795515378223     0.00000045565619
5.15797306653434     0.00000000002494
5.15803334481335     0.00002119807647
5.15816926762270     0.00000000001410
5.15817777413936     0.00000028367112
5.15824184874030     0.00000000001790
5.15828839251461     0.00000000002194
5.15836209312908     0.00000000000272
5.15840347554333     0.00000497062283
5.15841374894922     0.00000000076166
5.15848136683221     0.00000143297605
5.15860602330874     0.00000000000547
5.15865606210535     0.00000024002168
5.15874262970058     0.00000254018594
5.15883280364996     0.00000085853012
5.15884956737164     0.00000000007994
5.15888022084252     0.00000000076859
5.15889131727269     0.00001691906335
5.15910583232531     0.00000000002810
5.15912610689075     0.00002497688007
5.15925698813616     0.00000506533690
5.15926380553842     0.00000000074672
5.15927680640534     0.00000000176332
5.15940764967193     0.00000571402672
5.15948095916024     0.00000272538086
5.15954271091978     0.00000000000004
5.15963509795319     0.00000229947031
5.15970142545650     0.00000000003063
5.15973801669495     0.00001159355385
5.15983915497947     0.00001395820032
5.15994563945519     0.00000000005196
5.16001235811544     0.00000000000217
5.16005364075887     0.00000058344121
5.16010319681870     0.00000000011808
5.16023100193418     0.00000000017043
5.16026768607642     0.00002387932592
5.16047399323359     0.00001864992438
5.16057319792211     0.00000000001040
5.16071272285303     0.00000000050604
5.16076316409880     0.00004207836096
5.16094556003595     0.00000000000158
5.16097899483066     0.00000000002281
5.16113793495610     0.00000240437542
5.16115356289676     0.00000000041368
5.16121809405461     0.00002268344481
5.16141728280018     0.00000000094409
5.16146403453659     0.00006565931102
5.16160356679314     0.00000152111573
5.16167277725647     0.00000000010084
5.16182464205438     0.00000000001733
5.16184633833910     0.00000003423169
5.16195183876067     0.00000469696211
5.16204219905557     0.00001429530145
5.16204235790621     0.00000063411058
5.16236253928038     0.00000000002014
5.16245690511470     0.00000000000703
5.16246761950402     0.00000019736474
5.16259285758206     0.00002250612400
5.16284554206117     0.00000000000229
5.16287983378683     0.00000182756064
5.16292722126996     0.00000000000052
5.16302120709437     0.00000546464259
5.16304088285495     0.00000000003406
5.16321387680050     0.00000000000277
5.16322228483794     0.00000004542477
5.16349428626748     0.00000216485176
5.16393749024419     0.00000321194957
5.16410754665218     0.00000000000022
5.16421554483328     0.00000126508844
5.16445750630865     0.00000006185732
5.16451037072727     0.00000000000176
5.16474732897763     0.00000000000072
5.16492373975453     0.00000032744172
5.16495301872619     0.00000000000245
5.16517154466126     0.00000000000000
5.16521875628116     0.00000000006787
5.16536928584529     0.00007156876681
5.16547842312825     0.00002164653397
5.16553366962289     0.00000000004776
5.16561007846522     0.00000000491448
5.16561950603111     0.00006058070212
5.16569722829474     0.00007036370181
5.16592728126892     0.00000000002048
5.16659704191151     0.00000000000554
5.16671409700072     0.00010143242313
5.16689753973217     0.00001077357339
5.16696325887208     0.00000000003369
5.16703010093703     0.00000000000271
5.16721526561013     0.00000009705472
5.16742893300332     0.00000000000465
5.16758589734096     0.00000114569896
5.16783337379529     0.00000000000150
5.16821399653182     0.00000003523839
5.16850887073347     0.00000529991831
5.16890876590079     0.00000269527263
5.16967367599375     0.00000000000000
5.16967973876356     0.00000000511333
5.16988846787934     0.00004769799770
5.16999703719950     0.00000000002220
5.17096832304331     0.00000000000016
5.17157310071002     0.00000000000007
5.17160693860155     0.00000000000003
5.17171815236522     0.00000017892100
5.17211693859056     0.00000000000024
5.17262083225559     0.00000831247529
5.17275548956765     0.00000000000607
5.17330960759593     0.00000000000079
5.17364876043354     0.00000257254925
5.17422429248416     0.00000000002007
5.17499746405045     0.00065157981613
5.17561964747922     0.00000000000889
5.17592575902946     0.00000067543797
5.17643574995981     0.00007419372292
5.17682226556200     0.00000000001643
5.17721244493387     0.00000442477046
5.17760846586489     0.00014029214121
5.17811542367595     0.00000000000459
5.17815613988754     0.00004650313131
5.17972859925235     0.00000288545891
5.18133054776736     0.00000000000221
5.18147291385956     0.00000000090204
5.18156294868783     0.00000000000061
5.18228863880617     0.00000000001703
5.18597185023445     0.00001180362047
5.18738290295971     0.00219935740289
5.18786980921623     0.00000000005400
5.18836470071266     0.00000000000000
5.18946732037193     0.00000000000004
5.18965300913272     0.00000023815448
5.18987742927504     0.00023005394008
5.19027902654282     0.00000000000002
5.19596826740456     0.01542588899702
5.19663091162700     0.00000000000092
5.19978760780550     0.00004460316224
5.20058915971883     0.00000148970149
5.20075152699829     0.00000000000000
5.53987663726327     0.00000005028319
5.53987923928800     0.00000004818412
5.57559577939206     0.00000004105579
5.57559834532858     0.00000003246207
5.57677038780607     0.00000003842441
5.57677293144114     0.00000003559292
5.57853289767438     0.00000003396819
5.57853543441248     0.00000004061211
5.58624039306811     0.00000003077747
5.58624517227933     0.00000003469902
5.59884230743749     0.00000002903755
5.59884489768880     0.00000002507338
5.60052252347132     0.00000002564212
5.60052507236897     0.00000003048830
5.60473507474366     0.00000002681803
5.60473763401245     0.00000002636596
5.60627161933324     0.00000002823029
5.60627875495562     0.00000003031113
5.61041960315124     0.00000000382866
5.61042170441425     0.00000000454972
5.61256961402858     0.00000002594441
5.61257676727409     0.00000002835013
5.61621252984021     0.00000002683388
5.61621366725342     0.00000002490322
5.61668236200951     0.00000002017100
5.61668351360789     0.00000003288033
5.61725520326907     0.00000002366967
5.61726238038268     0.00000002736193
5.61819985235355     0.00000003653068
5.61820109227711     0.00000001339611
5.62088968199135     0.00000002402828
5.62089239035282     0.00000002684103
5.62238609374424     0.00000002429488
5.62238869392835     0.00000002554730
5.62379753861005     0.00000001664536
5.62380011585103     0.00000001964200
5.62567498003051     0.00000002710762
5.62568212176938     0.00000003318029
5.62605121367656     0.00000002173159
5.62605375792832     0.00000003058541
5.62720031094686     0.00000002656816
5.62720289019896     0.00000001866515
5.62747256583733     0.00000002152927
5.62747521708023     0.00000002520139
5.62793054072482     0.00000002385172
5.62793308178079     0.00000002191636
5.62876986298458     0.00000000247861
5.62877196115357     0.00000000260491
5.62946163928859     0.00000002058640
5.62946440127271     0.00000002692545
5.62991409033270     0.00000002143471
5.62991667515096     0.00000002387375
5.63028100793578     0.00000002120670
5.63028354072999     0.00000002710834
5.63034064292249     0.00000003850975
5.63034199980607     0.00000000960235
5.63197220661013     0.00000002219761
5.63197472418505     0.00000002209035
5.63311449791491     0.00000001966664
5.63311703658384     0.00000002487449
5.63386528819009     0.00000002100361
5.63386636021950     0.00000002422976
5.63664365437046     0.00000001948010
5.63664624624101     0.00000002453226
5.63824787193485     0.00000000135946
5.63824850838267     0.00000000034605
5.63878943803823     0.00000000310263
5.63879203338456     0.00000000269789
5.63951189646762     0.00000001845659
5.63951452141161     0.00000002552252
5.63997144125785     0.00000002172516
5.63997852456665     0.00000002134326
5.63998287161320     0.00000000627183
5.63999133503559     0.00000000367771
5.64166386729911     0.00000000223007
5.64166597791265     0.00000000182115
5.64414233414819     0.00000001833652
5.64415070026555     0.00000001864680
5.64655377142113     0.00000002116059
5.64655687165849     0.00000002459568
5.64717701204311     0.00000000022611
5.64718339690688     0.00000000021993
5.65082857210846     0.00000000156919
5.65083556005051     0.00000000162816
5.65124488388500     0.00000000214392
5.65125185296037     0.00000000215056
5.65152939383993     0.00000000219368
5.65153145020158     0.00000000278333
5.65201216188158     0.00000000262700
5.65201912291165     0.00000000257242
5.65254202393859     0.00000001833445
5.65255037952820     0.00000001737126
5.65292580392492     0.00000000153706
5.65293279814470     0.00000000151839
5.65466389497883     0.00000000296138
5.65466650478821     0.00000000177734
5.65472093709768     0.00000000205371
5.65472783314517     0.00000000196230
5.65479866294274     0.00000001513604
5.65480045351302     0.00000001866945
5.65560435355585     0.00000000044526
5.65561013980225     0.00000000042628
5.65575749237924     0.00000001455935
5.65575847644856     0.00000001264177
5.65666272735362     0.00000000466280
5.65666594411890     0.00000000497642
5.65675497103421     0.00000000073008
5.65676317554487     0.00000000071273
5.65695245967000     0.00000001496225
5.65695429941486     0.00000001839624
5.65755833948874     0.00000001004592
5.65756533081730     0.00000001022636
5.65914086846433     0.00000002073613
5.65914347368541     0.00000002543633
5.65935719731854     0.00000001268007
5.65935822515876     0.00000001656694
5.65949682438095     0.00000000213652
5.65949750490995     0.00000000338015
5.65968865428684     0.00000000132409
5.65969566057933     0.00000000121339
5.66011161825290     0.00000001366588
5.66011352746600     0.00000002194097
5.66013830666874     0.00000001181111
5.66014117334141     0.00000001263282
5.66077590423536     0.00000002471157
5.66077762026628     0.00000000294183
5.66083441514221     0.00000000232080
5.66084266340747     0.00000000220822
5.66108511936601     0.00000001915190
5.66108607334191     0.00000001544125
5.66211643877315     0.00000000262487
5.66211850257117     0.00000000272431
5.66292061877457     0.00000000166958
5.66292267936296     0.00000000222897
5.66299252761830     0.00000000474532
5.66299385168038     0.00000000034164
5.66341691680836     0.00000001496982
5.66341982180588     0.00000001480684
5.66380079155677     0.00000000025436
5.66380346655740     0.00000000027633
5.66408300966729     0.00000000268362
5.66408563573515     0.00000000145313
5.66444988591722     0.00000001243410
5.66445288357649     0.00000001048390
5.66451436080342     0.00000001107358
5.66451624535131     0.00000001692298
5.66507868998792     0.00000000427057
5.66508694542979     0.00000000444436
5.66528861389484     0.00000000061607
5.66529117202292     0.00000000075162
5.66542552278331     0.00000001609507
5.66542810428938     0.00000001684140
5.66555115430142     0.00000000028271
5.66556014587741     0.00000002492928
5.66568001086662     0.00000000559464
5.66568699432230     0.00000000583481
5.66657244584607     0.00000000081863
5.66657316905876     0.00000000202698
5.66663883861266     0.00000000180007
5.66664091088986     0.00000000255198
5.66686032064904     0.00000000871855
5.66686731448365     0.00000000905699
5.66692671379107     0.00000000790216
5.66692774889170     0.00000001492156
5.66701139355711     0.00000001614026
5.66701381933890     0.00000002032138
5.66738892460747     0.00000001560028
5.66739001629171     0.00000000941566
5.66782010591283     0.00000000266846
5.66782707674044     0.00000000277851
5.66857611687133     0.00000001092316
5.66858317473203     0.00000001099669
5.66878206727699     0.00000000157726
5.66878421809041     0.00000000120281
5.66920233192755     0.00000000914300
5.66920676869611     0.00000000888658
5.66926486525214     0.00000001418185
5.66926559877320     0.00000003262644
5.66977931400229     0.00000001333124
5.66978243045645     0.00000000863268
5.66992233956232     0.00000001252014
5.66992901992549     0.00000001387599
5.66993451013376     0.00000000046998
5.66993683242926     0.00000000009402
5.67013456659786     0.00000001648883
5.67014299333773     0.00000001704833
5.67029523463307     0.00000001305702
5.67029777301164     0.00000001147792
5.67040314684026     0.00000000043738
5.67040873779461     0.00000000048466
5.67050911413565     0.00000001085540
5.67051160665900     0.00000001235041
5.67090360619488     0.00000000125910
