# Absorption spectrum
# exc. energy / eV    osc. strength
4.94777020504761     0.00000254792304
4.94895381086479     0.00000000000001
4.95024006568300     0.00000000000201
4.95040846429900     0.00000252722400
4.95204325721359     0.00004050628546
4.95205402365057     0.00000010479041
4.95255602851309     0.00005356291316
4.95298142241935     0.00000000004326
4.95336586855320     0.00000000052558
4.95365843733755     0.00005391778391
4.95401285838025     0.00014987395718
4.95438946317190     0.00000000000990
4.95517459468612     0.00001732188860
4.95685230287418     0.00000000014880
4.95758099055351     0.00000000044222
4.95770910450973     0.00022461549359
4.95809631139465     0.00000000022876
4.95870003318044     0.00000744839501
4.95964211100024     0.00001642848793
4.96050431544566     0.00003028260215
4.96166833133469     0.00010392831827
4.96185836641455     0.00000000064399
4.96242041545008     0.00000000008215
4.96365459879272     0.00004451294545
4.96471518620445     0.00000000002941
4.96587218419896     0.00000000003974
4.96607243864349     0.00040129020674
4.96746183637708     0.00000000011653
4.96833019938618     0.00002062953580
4.96932685917146     0.00035365293304
4.96938514658710     0.00000000005022
4.97145973463444     0.00000000117677
4.97168764976084     0.00023811809539
4.97220361781427     0.00000000031331
4.97424815201061     0.00111236561051
4.97531537163214     0.00000000238675
4.97549412979884     0.00268600532924
4.97599730125897     0.00000000231532
4.97686070764250     0.00086378392695
4.97786244741632     0.00000000009899
4.97801123920791     0.00002948198300
4.97837729069735     0.00000345823455
4.97847464743533     0.00000000000169
4.97939644681212     0.00000000000072
4.97987064551796     0.00000000000457
4.98041550054955     0.00000036597531
4.98078676755708     0.00001644126044
4.98202782996373     0.00000000000385
4.98276775553994     0.00001669727728
4.98340305887011     0.00000224264164
4.98397658024172     0.00000000000156
4.98508591066237     0.00000000000154
4.98569310794133     0.00000583721249
4.98620238274167     0.00000000000091
4.98655747632421     0.00000227729616
4.98745158640847     0.00000000002220
4.98797936153818     0.00001505868805
4.98803439068822     0.00000000015056
4.98921763626143     0.00000000005290
4.98967580125489     0.00003007195073
4.99022175441317     0.00000000000027
4.99076413639380     0.00001193773881
4.99232767303833     0.00000000001185
4.99242114333005     0.00001001846748
4.99304364453476     0.00000702134754
4.99394739732809     0.00000000000124
4.99426055671132     0.00000000011628
4.99476427663123     0.00000013348045
4.99501729028132     0.00028188856828
4.99505614186906     0.00000006344377
4.99574120119662     0.00004995912776
4.99617036735815     0.00000000000176
4.99659384660120     0.00029544031205
4.99770014711724     0.00000000024458
4.99826916262767     0.00000000096658
4.99885622575276     0.00022211806576
4.99932339680720     0.00013706459075
5.00025435560649     0.00000000030515
5.00055397356295     0.00018132419484
5.00154564574149     0.00000000011249
5.00230821826904     0.00002997027835
5.00389654299454     0.00008854691508
5.00551183676944     0.00000000000541
5.00779400055696     0.00000000000103
5.00954410679426     0.00000000000122
5.01039451481991     0.00000109229672
5.01041924961535     0.00000000004229
5.01063319572828     0.00000322067272
5.01119482652101     0.00000000012875
5.01119773788108     0.00000112706854
5.01181166641642     0.00000034979733
5.01291637068918     0.00000196259093
5.01328300306217     0.00000000000006
5.01411170444930     0.00001069883958
5.01422025513399     0.00000000000670
5.01472207797694     0.00000000002478
5.01482297412105     0.00000117223210
5.01581816238185     0.00000000001085
5.01595168963700     0.00009394912417
5.01678361939243     0.00000000013855
5.01701948016328     0.00007099419074
5.01768232851166     0.00000000001600
5.01821501902717     0.00001131223537
5.01877281695219     0.00000000000062
5.02016585060994     0.00014249107183
5.02062776064627     0.00002633028010
5.02086300196066     0.00000000084222
5.02360096681447     0.00000000001057
5.02414087198824     0.00000501745752
5.02450026810837     0.00000023872450
5.02463208455547     0.00000000000626
5.02643686271606     0.00000000000765
5.02697655717376     0.00000158117315
5.02844590518156     0.00000000000230
5.02911954746793     0.00000001874385
5.02933628020441     0.00000000000022
5.03057780594224     0.00000112600345
5.03164153528588     0.00000000000132
5.03192230749026     0.00000311386716
5.03312019775821     0.00000000001043
5.03329977006415     0.00000066667487
5.03405182252283     0.00000000000084
5.03418872846039     0.00000000785783
5.03452649631109     0.00000341667694
5.03532866836019     0.00000000000010
5.03589621775146     0.00000000000003
5.03681510167829     0.00000000000038
5.03709633315250     0.00000046082016
5.03741940910901     0.00000000000040
5.03779672844397     0.00000025897894
5.03868665481264     0.00000000000172
5.03876498621868     0.00000041794658
5.03929933096064     0.00000000000052
5.03977405944734     0.00000192052827
5.03996390898566     0.00000000001484
5.04071860737552     0.00000000000034
5.04123511921090     0.00000079661002
5.04170178235122     0.00000609490904
5.04217667982352     0.00000671532769
5.04335132211520     0.00000000000390
5.04368530452347     0.00001705943972
5.04481536269033     0.00000764691615
5.04487208183540     0.00000000015242
5.04519309921742     0.00000003295863
5.04656529337230     0.00000000000220
5.04709144499728     0.00000000000020
5.04729766822565     0.00000074945961
5.04801056641062     0.00000000000028
5.04843158763357     0.00000052129704
5.04882377328592     0.00000001156409
5.04886925965978     0.00000000000071
5.04909399821831     0.00000000000011
5.04940617290116     0.00000000000000
5.04972163378502     0.00000005571001
5.04979529268461     0.00000000000120
5.05079691511332     0.00000000076021
5.05079991264627     0.00000010220136
5.05139337990203     0.00000001110282
5.05196188428296     0.00000000644210
5.05245020225111     0.00000000000034
5.05331755838511     0.00000014866891
5.05367856129281     0.00000000000117
5.05375007805838     0.00000116218467
5.05455141735142     0.00000000683792
5.05481485228087     0.00000000000552
5.05503395858165     0.00000092900795
5.05521165708542     0.00000000000031
5.05576748722286     0.00000009612207
5.05603372246690     0.00000000000003
5.05670346740852     0.00000000000005
5.05679156851404     0.00000010118208
5.05760267351725     0.00000000760641
5.05780767728454     0.00000000000005
5.05868727351766     0.00000013215396
5.05899260591596     0.00000000000000
5.06031203104765     0.00000049417698
5.06046920050802     0.00000212004272
5.06098394514348     0.00000000000010
5.06190809477577     0.00000042780212
5.06234242403980     0.00000000000000
5.06279885678553     0.00000000000002
5.06392952281240     0.00000059407020
5.06488049877558     0.00000050541309
5.06591385750349     0.00000000000046
5.06640316977998     0.00000158275941
5.06696681786923     0.00000000000012
5.06831088749712     0.00000000000001
5.06960240609510     0.00000008263000
5.07091186254054     0.00000000161942
5.07091308472498     0.00000029924313
5.07218028547537     0.00000146589132
5.07232613832931     0.00000000000246
5.07408665075970     0.00000000000004
5.07894722944682     0.00000094996853
5.08020234761737     0.00000087139496
5.08024788364241     0.00000000000284
5.08134793896417     0.00000000000002
5.08265749538516     0.00000000000006
5.08305497602749     0.00000023777000
5.08884886487785     0.00000000000000
5.08985718888074     0.00000001733062
5.09940127277417     0.00000000000000
5.10132759410936     0.00003956983854
5.15373974151071     0.00000000000003
5.15401670344873     0.00000038596849
5.15430945953036     0.00000067257582
5.15434401867080     0.00000000019442
5.15434560358336     0.00000040136765
5.15439283613118     0.00000000000509
5.15451113359960     0.00000027771121
5.15452848198303     0.00000000000299
5.15457359386737     0.00000000000481
5.15468478886683     0.00000435808248
5.15472361657771     0.00000000000022
5.15473080095752     0.00000000227031
5.15482363429534     0.00000000430251
5.15487390218164     0.00000000004878
5.15489200776255     0.00000000001386
5.15491963864122     0.00000402217174
5.15496528828852     0.00000032745646
5.15503723732677     0.00000000000280
5.15504607841109     0.00000015163831
5.15512203742953     0.00000000001774
5.15520733473485     0.00000000083389
5.15522518001096     0.00000681363135
5.15526242233682     0.00000002683287
5.15535970868753     0.00001375583664
5.15539409985045     0.00000000308620
5.15541183382877     0.00000407370752
5.15554249456104     0.00000000013046
5.15556381256505     0.00000116316661
5.15557935523139     0.00000000009316
5.15567509388493     0.00000000003152
5.15573355243321     0.00000270249766
5.15579898804172     0.00000217748676
5.15582792938774     0.00000000008126
5.15587478901590     0.00000000052658
5.15590901068326     0.00001444899357
5.15594604341577     0.00000535208125
5.15599084558702     0.00000000683464
5.15599854625246     0.00001168174343
5.15609687409902     0.00000000000104
5.15616370957154     0.00000155698938
5.15617289854004     0.00000000002022
5.15621513730851     0.00000132548111
5.15622291654699     0.00000000002507
5.15634174117799     0.00000000000569
5.15650970346195     0.00000000112843
5.15652469519546     0.00000778962283
5.15659593440756     0.00000663551492
5.15662370953439     0.00000000009550
5.15665506616493     0.00000619139773
5.15676311151957     0.00000834352305
5.15681682745970     0.00000000000004
5.15686913595347     0.00000000000733
5.15691571082466     0.00000076195252
5.15699806834549     0.00000000000213
5.15702746205134     0.00000034585763
5.15705160306240     0.00000000001651
5.15707203298216     0.00000133878818
5.15715930885565     0.00000000002442
5.15720225048406     0.00002118296714
5.15726729244376     0.00000000000064
5.15734241571290     0.00000949706371
5.15746067075394     0.00000000009331
5.15746322467571     0.00000000037246
5.15767884774285     0.00014089574669
5.15768462600652     0.00000000049784
5.15775011129635     0.00011053541117
5.15784451203459     0.00000000008250
5.15786135431438     0.00000000025573
5.15795353298162     0.00000019325819
5.15797306637776     0.00000000000126
5.15802049125248     0.00001543656045
5.15816926760287     0.00000000000022
5.15824184870578     0.00000000000004
5.15826505035364     0.00002490696570
5.15828839249907     0.00000000003570
5.15836209312155     0.00000000000002
5.15841374393917     0.00000000322552
5.15842019858865     0.00000601332589
5.15850443018565     0.00000627243117
5.15860602359131     0.00000000003598
5.15865704766247     0.00000010715515
5.15882201348728     0.00000035045606
5.15884737549249     0.00000030571484
5.15884956900696     0.00000000029144
5.15888022142650     0.00000000000625
5.15905954163859     0.00000262712470
5.15910583235273     0.00000000000115
5.15922766399448     0.00000594385776
5.15925562054917     0.00000087389393
5.15926380517732     0.00000000002270
5.15939433593984     0.00000032482047
5.15947582009465     0.00000002911856
5.15954271090212     0.00000000000663
5.15958422911726     0.00000867414765
5.15970142432067     0.00000000015973
5.15970773754588     0.00000031048412
5.15981562723259     0.00000006208099
5.15994563929624     0.00000000002142
5.16001235807198     0.00000000004849
5.16002025873210     0.00000806768105
5.16010319646977     0.00000000000212
5.16018456670410     0.00000527346270
5.16023100247976     0.00000000001291
5.16039889556157     0.00000761561703
5.16057319789379     0.00000000000138
5.16068337564908     0.00000094975507
5.16071272446521     0.00000000001736
5.16094556002164     0.00000000000310
5.16097899478750     0.00000000000003
5.16112532981895     0.00000049507345
5.16115356110540     0.00000000002057
5.16117159402834     0.00000000299162
5.16136019670598     0.00000452929307
5.16141728387111     0.00000000006534
5.16156466167295     0.00001166675072
5.16167277713273     0.00000000000189
5.16182464202690     0.00000000000008
5.16184625168406     0.00000001272941
5.16191995403048     0.00000858526994
5.16200651964175     0.00000377317805
5.16204235114395     0.00000000001126
5.16236253924173     0.00000000000422
5.16236803154912     0.00003818413577
5.16245690510893     0.00000000000088
5.16249833821982     0.00000394750650
5.16281005957826     0.00001151385650
5.16284554233963     0.00000000004520
5.16292722126811     0.00000000000008
5.16300836589343     0.00000043348284
5.16304088277306     0.00000000000569
5.16321387678303     0.00000000000647
5.16321684688579     0.00000101845610
5.16348951139094     0.00000001534925
5.16392226551324     0.00000183721730
5.16410754664395     0.00000000000220
5.16420772772396     0.00000123913991
5.16441532777878     0.00001091733391
5.16451037049370     0.00000000003383
5.16474732897303     0.00000000000002
5.16491668619329     0.00000037190346
5.16495301863777     0.00000000000782
5.16498550053640     0.00000106986680
5.16517154465962     0.00000000000046
5.16521875642638     0.00000000000078
5.16544582246769     0.00000010227941
5.16553013425928     0.00000173955944
5.16553367056831     0.00000000037890
5.16561007920284     0.00000000000764
5.16566298758539     0.00000011324396
5.16592728124483     0.00000000000093
5.16653796352714     0.00000163004267
5.16659704187911     0.00000000003390
5.16671385826592     0.00004885868211
5.16696325847703     0.00000000003196
5.16703010093000     0.00000000000053
5.16721502901757     0.00000001968731
5.16742893298569     0.00000000000248
5.16756413515329     0.00000456031751
5.16783337378710     0.00000000000120
5.16821346190052     0.00000011596562
5.16849457207947     0.00000017157296
5.16889647346051     0.00000125109143
5.16966970711619     0.00000307412597
5.16967367675823     0.00000000035839
5.16972614928903     0.00000105601284
5.16999703716836     0.00000000000000
5.17096832304254     0.00000000000000
5.17157310070892     0.00000000000017
5.17160693859761     0.00000000000119
5.17171199371971     0.00000138210583
5.17211693858316     0.00000000000028
5.17227139178921     0.00000416628111
5.17275118866238     0.00000033003208
5.17275549164842     0.00000000015649
5.17330960759995     0.00000000000001
5.17365664917977     0.00000002925461
5.17422429251029     0.00000000000045
5.17561964747000     0.00000000000000
5.17592447974299     0.00000000159664
5.17626536313203     0.00000012427070
5.17682226551261     0.00000000000020
5.17713396563913     0.00000017948865
5.17725815760355     0.00000000013782
5.17805978349100     0.00000000076392
5.17811542368248     0.00000000000000
5.17955147287259     0.00002409045063
5.17982744167461     0.00000788967783
5.18133054777490     0.00000000000006
5.18147130255289     0.00000053955752
5.18156294868968     0.00000000000000
5.18228863884239     0.00000000000000
5.18587601100765     0.00003567778203
5.18786980920084     0.00000000000001
5.18836470071262     0.00000000000002
5.18891255049008     0.00000010914804
5.18946732037196     0.00000000000001
5.18965288647625     0.00000009882557
5.19013925496315     0.00000003289336
5.19027902654288     0.00000000000000
5.19663091162697     0.00000000000000
5.19977889817393     0.00000000112185
5.20058882506671     0.00000000000000
5.20075152699830     0.00000000000000
5.46291162971888     0.12386519300039
5.53987680644792     0.00000049730007
5.53987942505963     0.00000062571436
5.57559587079223     0.00000025763178
5.57559842251852     0.00000023240120
5.57677047719018     0.00000024164850
5.57677302024704     0.00000025751874
5.57853298191451     0.00000021394887
5.57853554295506     0.00000029759226
5.58624048286483     0.00000020377045
5.58624527777003     0.00000024924991
5.59884243420243     0.00000020873810
5.59884501813003     0.00000021822665
5.60052269008071     0.00000021787388
5.60052530354031     0.00000035277414
5.60473520333301     0.00000019433896
5.60473777442098     0.00000023568739
5.60627168401172     0.00000015146922
5.60627882573534     0.00000016891225
5.61041990177311     0.00000021228414
5.61042221943042     0.00000053135581
5.61256971285659     0.00000016684780
5.61257687853646     0.00000019331656
5.61621257629226     0.00000011928486
5.61621371405559     0.00000013043660
5.61668243445449     0.00000010660376
5.61668365516612     0.00000024951810
5.61725530424151     0.00000015789397
5.61726250075086     0.00000019410421
5.61819996315560     0.00000020414946
5.61820113855550     0.00000009714129
5.62088972680439     0.00000011062004
5.62089244223218     0.00000013269707
5.62238617454844     0.00000013565414
5.62238878465808     0.00000016272780
5.62379763500606     0.00000012288856
5.62380023968247     0.00000017188827
5.62567510173347     0.00000017924959
5.62568227659035     0.00000023699500
5.62605132429782     0.00000014379637
5.62605393182564     0.00000025245465
5.62720038593046     0.00000014319089
5.62720294560941     0.00000011134244
5.62747261917801     0.00000011225281
5.62747527862437     0.00000014342900
5.62793060510219     0.00000012645488
5.62793314378687     0.00000012835808
5.62877010568324     0.00000016791845
5.62877229553791     0.00000030330410
5.62946172712036     0.00000012737492
5.62946452494678     0.00000019400752
5.62991415905050     0.00000012381956
5.62991675623906     0.00000015481113
5.63028110712921     0.00000013147315
5.63028368104204     0.00000020264712
5.63034075409126     0.00000021354547
5.63034203067191     0.00000006606806
5.63197228447001     0.00000012755917
5.63197480673531     0.00000014418273
5.63311456696065     0.00000010904408
5.63311712939194     0.00000015660362
5.63386534879149     0.00000010427719
5.63386643981923     0.00000015595829
5.63664372004536     0.00000010089722
5.63664633321819     0.00000014301375
5.63824822742766     0.00000012860092
5.63824881456936     0.00000037183645
5.63878969171540     0.00000017753612
5.63879230335535     0.00000023121455
5.63951196147839     0.00000010407344
5.63951461700043     0.00000016251568
5.63997146199206     0.00000008013783
5.63997851195091     0.00000005218416
5.63998318557166     0.00000025137454
5.63999164167676     0.00000025393447
5.64166409976700     0.00000015769565
5.64166621515131     0.00000020117268
5.64414241938054     0.00000011993576
5.64415078876058     0.00000012712289
5.64655371627454     0.00000002301810
5.64655681054842     0.00000002525598
5.64717741881563     0.00000026942711
5.64718387364430     0.00000036238833
5.65082883607124     0.00000018878689
5.65083585702032     0.00000022989458
5.65124508862476     0.00000014828139
5.65125207111258     0.00000016790036
5.65152959546224     0.00000012570199
5.65153177919021     0.00000026379116
5.65201238338474     0.00000015882243
5.65201935324878     0.00000017716354
5.65254205846451     0.00000008961347
5.65255041252372     0.00000008627398
5.65292606804349     0.00000018701722
5.65293308033092     0.00000021589598
5.65466415401476     0.00000018228054
5.65466668904308     0.00000015454240
5.65472108706059     0.00000010734527
5.65472798902768     0.00000011617563
5.65479868378796     0.00000009683506
5.65480047694758     0.00000012388803
5.65560438871981     0.00000002596281
5.65561017380350     0.00000002542123
5.65575747915955     0.00000007461291
5.65575846531368     0.00000006160094
5.65666311213128     0.00000023354239
5.65666648914058     0.00000043967327
5.65675517878140     0.00000014665962
5.65676338919058     0.00000015864370
5.65695238817956     0.00000007742206
5.65695421782097     0.00000008052503
5.65755831903866     0.00000005106137
5.65756531061583     0.00000005131575
5.65914091140652     0.00000010528918
5.65914352822188     0.00000013918467
5.65935725434229     0.00000006169543
5.65935831024769     0.00000010595335
5.65949694143909     0.00000005467101
5.65949783834102     0.00000028020482
5.65968889037186     0.00000017737916
5.65969589193500     0.00000018580292
5.66011165425918     0.00000007022129
5.66011358703981     0.00000012452960
5.66013829560662     0.00000006319393
5.66014116270706     0.00000006662764
5.66077568076442     0.00000017555316
5.66077759787511     0.00000001640989
5.66083464969846     0.00000016369029
5.66084289181457     0.00000016922431
5.66108518581168     0.00000010944914
5.66108613451358     0.00000011536178
5.66211665873714     0.00000013459270
5.66211879310396     0.00000022792295
5.66292076876837     0.00000010339125
5.66292292058470     0.00000020025643
5.66299286052143     0.00000024500664
5.66299388451412     0.00000003306019
5.66341676925330     0.00000007478054
5.66341968976757     0.00000006108743
5.66380099882695     0.00000016306604
5.66380373483142     0.00000025161231
5.66408321218347     0.00000018462219
5.66408576023843     0.00000012878884
5.66444981134764     0.00000005602386
5.66445282336031     0.00000004309137
5.66451426967036     0.00000005447747
5.66451612370213     0.00000006611240
5.66507890344145     0.00000015857075
5.66508718001613     0.00000018394715
5.66528878355505     0.00000015952115
5.66529141688701     0.00000027015180
5.66542531492070     0.00000002474325
5.66542791745249     0.00000001906616
5.66555115569428     0.00000000164063
5.66556026815668     0.00000014716329
5.66568024295813     0.00000011792438
5.66568725648285     0.00000014239828
5.66657251612971     0.00000004472733
5.66657343327706     0.00000025422292
5.66663894157543     0.00000010313147
5.66664107763742     0.00000018888933
5.66686040750249     0.00000007785940
5.66686740857054     0.00000008602447
5.66692676859994     0.00000004868894
5.66692787124495     0.00000012826895
5.66701135559833     0.00000002004167
5.66701377249285     0.00000002321193
5.66738899137479     0.00000008028220
5.66739006099364     0.00000005958474
5.66782033029483     0.00000015341288
5.66782732692905     0.00000018312732
5.66857601765320     0.00000005234112
5.66858307497592     0.00000005009106
5.66878226164561     0.00000012259258
5.66878439438564     0.00000013222766
5.66920240567554     0.00000009567277
5.66920685358919     0.00000011087538
5.66926478922406     0.00000003145371
5.66926547252829     0.00000004444050
5.66977933584573     0.00000005351771
5.66978244419832     0.00000003539815
5.66992234754946     0.00000000000448
5.66992901983291     0.00000000232547
5.66993469156086     0.00000011297016
5.66993703611471     0.00000014088684
5.67013460202524     0.00000007532386
5.67014303017201     0.00000007911799
5.67029486677402     0.00000009352218
5.67029752170621     0.00000005138964
5.67040320835419     0.00000001852061
5.67040880800159     0.00000002115914
5.67050918729670     0.00000006950630
5.67051169730128     0.00000008796979
5.67090365911015     0.00000013898285
