# Absorption spectrum
# exc. energy / eV    osc. strength
4.92138240945807     0.05110106919366
4.94777517194239     0.00000054593650
4.94895381086486     0.00000000000005
4.95024006568620     0.00000000000017
4.95041313595764     0.00000079012601
4.95205399025082     0.00000000113221
4.95210703934739     0.00001143029464
4.95263417980871     0.00000093111757
4.95298142250364     0.00000000001521
4.95336586925852     0.00000000011076
4.95371009163347     0.00000067317750
4.95430001067981     0.00000521838721
4.95438946323995     0.00000000000408
4.95521392891264     0.00000309681326
4.95685230307005     0.00000000000713
4.95758099074161     0.00000000000019
4.95807853433231     0.00000813918215
4.95809631807001     0.00000000270263
4.95872493694457     0.00000373573243
4.95968198369178     0.00000514034350
4.96056676936745     0.00000646018072
4.96181977024589     0.00000001596436
4.96185837092021     0.00000000000907
4.96242041566875     0.00000000002161
4.96373571844388     0.00000486817056
4.96471518630673     0.00000000000962
4.96587218422034     0.00000000000040
4.96746183573225     0.00000000012930
4.96811978097681     0.00012625304137
4.96835776989820     0.00000513483477
4.96938514657736     0.00000000000000
4.97145973253516     0.00000000278957
4.97151232469035     0.00004994870474
4.97220361757205     0.00000000005187
4.97411569247707     0.00010616303377
4.97531537177777     0.00000000000330
4.97599730053741     0.00000000007094
4.97647294860459     0.00002424451159
4.97786244725425     0.00000000004879
4.97797222319811     0.00000887908389
4.97837361854263     0.00000061059609
4.97847464733128     0.00000000004012
4.97939644661041     0.00000000010457
4.97987064550895     0.00000000000269
4.98023112483633     0.00008898964558
4.98075672736684     0.00000208195909
4.98202782995579     0.00000000000000
4.98268737688287     0.00002317148910
4.98339684628828     0.00000015253824
4.98397658023629     0.00000000000031
4.98508591065508     0.00000000000006
4.98561324624511     0.00003682451674
4.98620238272868     0.00000000000534
4.98653123400433     0.00000692795131
4.98745158600521     0.00000000000012
4.98774412878977     0.00000166942895
4.98803439019819     0.00000000001793
4.98881662057670     0.00003138309911
4.98921763709117     0.00000000012243
4.99013910584443     0.00004027309629
4.99022175444078     0.00000000000002
4.99093715398012     0.00001008724887
4.99232767308055     0.00000000000005
4.99243290453584     0.00005889061081
4.99306068856654     0.00001846264012
4.99394739732916     0.00000000000347
4.99426055690830     0.00000000001330
4.99460225621684     0.00027877332634
4.99505613251288     0.00000000021963
4.99548186855304     0.00003297667720
4.99587205130243     0.00009263731133
4.99617036685697     0.00000000073807
4.99763897881798     0.00032585140839
4.99770015443015     0.00000003943908
4.99826916532120     0.00000000056367
4.99914493961411     0.00001573937455
4.99990950243222     0.00073211776191
5.00025435492442     0.00000000272570
5.00149170253349     0.00202669017203
5.00154565052501     0.00000018213370
5.00303570647365     0.00090598921848
5.00505302556266     0.00410346326736
5.00551183681885     0.00000000077389
5.00779400054167     0.00000000000623
5.00954410678661     0.00000000001685
5.01041924458994     0.00000000000920
5.01042465619475     0.00000000183481
5.01074768060646     0.00000277993421
5.01119482661332     0.00000000023163
5.01121496007921     0.00001017730765
5.01180611922694     0.00000923280092
5.01292388603488     0.00001715646751
5.01328300306040     0.00000000000285
5.01403969182047     0.00019520317370
5.01422025505903     0.00000000005251
5.01472207613533     0.00000000381104
5.01478001656388     0.00005311902456
5.01581816238964     0.00000000000746
5.01641083128786     0.00001786313613
5.01678361988021     0.00000000001427
5.01768232793354     0.00000000013607
5.01779254236429     0.00002397201486
5.01841210030916     0.00002432600834
5.01877281695844     0.00000000000505
5.02049298832868     0.00023428075744
5.02086299896307     0.00000000038149
5.02190183728556     0.00297767693933
5.02360096675403     0.00000000074397
5.02410170581427     0.00030737498449
5.02450476384047     0.00000816853728
5.02463208455102     0.00000000030338
5.02643686280194     0.00000000013152
5.02700381649263     0.00000002421950
5.02844590520579     0.00000000002863
5.02911977251892     0.00000006304402
5.02933628018940     0.00000000007523
5.03058234674682     0.00004317991258
5.03164153512227     0.00000000144734
5.03188278323488     0.00048171159578
5.03312019737050     0.00000000489462
5.03328848939073     0.00017566110153
5.03405182252895     0.00000000005059
5.03411636870990     0.00151113073792
5.03430353472537     0.00145658923607
5.03532866835823     0.00000000002638
5.03589621772701     0.00000000032029
5.03681510167699     0.00000000010116
5.03709967485695     0.00001150712428
5.03741940911057     0.00000000006466
5.03779797215433     0.00005742797414
5.03826213125982     0.03219848050204
5.03868665503211     0.00000001115713
5.03881044520141     0.00267794003850
5.03929933100754     0.00000000154327
5.03978790386581     0.00000097126291
5.03996390909941     0.00000000000460
5.04071860737915     0.00000000001541
5.04130602657874     0.00058991340689
5.04184195488131     0.00094587360110
5.04227449701961     0.00050240446574
5.04335132217560     0.00000000016081
5.04430464452635     0.00248260421667
5.04487208070816     0.00000000213552
5.04518591349467     0.00019312132839
5.04532769354613     0.00468460422598
5.04656529348162     0.00000000092652
5.04709144500345     0.00000000003692
5.04731814506690     0.00011632254832
5.04801056642092     0.00000000004873
5.04850461927416     0.00036545860746
5.04886925889858     0.00000000472272
5.04892672669176     0.00077842363708
5.04909399824174     0.00000000025952
5.04940617290754     0.00000000005041
5.04972237732772     0.00000264707043
5.04979529273583     0.00000000029617
5.05079693120711     0.00000002283486
5.05080778483769     0.00004062986939
5.05139440014923     0.00000500212392
5.05196243576270     0.00000250596592
5.05245020227080     0.00000000008150
5.05332040491154     0.00000809807803
5.05367856130176     0.00000000000895
5.05377015831889     0.00005264545205
5.05460466641788     0.00021533223390
5.05481485232613     0.00000000006678
5.05504057617102     0.00000507156595
5.05521165708732     0.00000000000016
5.05577265648370     0.00001790013527
5.05603372246724     0.00000000000072
5.05670346740960     0.00000000000280
5.05679286648596     0.00000256119756
5.05760307600412     0.00000119983727
5.05780767728601     0.00000000000391
5.05868988431919     0.00000576012120
5.05899260591840     0.00000000000731
5.06031510466418     0.00000105446535
5.06058358704726     0.00029967942095
5.06098394514468     0.00000000000241
5.06191374068113     0.00000978943187
5.06234242404152     0.00000000000485
5.06279885679317     0.00000000002036
5.06393637454091     0.00000899843521
5.06498321468326     0.00024987836426
5.06591385750893     0.00000000000788
5.06644962465488     0.00009861422856
5.06696681787848     0.00000000002299
5.06831088749721     0.00000000000010
5.06960281901732     0.00000001866692
5.07091186856846     0.00000000089384
5.07092700719621     0.00002582821060
5.07220113435622     0.00002774661300
5.07232613836629     0.00000000005451
5.07408665076071     0.00000000000151
5.07900103313835     0.00005885514875
5.08024788348504     0.00000000002238
5.08082249978285     0.00107952706035
5.08134793897726     0.00000000004826
5.08265749539826     0.00000000002592
5.08310484663251     0.00010414778112
5.08884886487786     0.00000000000004
5.08985745483419     0.00000030683803
5.09940127277418     0.00000000000001
5.10151371591453     0.00004337279332
5.15373974151077     0.00000000000000
5.15402627034015     0.00000461204928
5.15431314782716     0.00000128606735
5.15434401894231     0.00000000001094
5.15434647460912     0.00000005716271
5.15439283616292     0.00000000001159
5.15451899989078     0.00000394450254
5.15452848227368     0.00000000027070
5.15457359409917     0.00000000013411
5.15469263018096     0.00000010648279
5.15472361771828     0.00000000046093
5.15473344092725     0.00000145018239
5.15482364711461     0.00000000304532
5.15487390225717     0.00000000000053
5.15489200778494     0.00000000000169
5.15492647263620     0.00000000676777
5.15496593137782     0.00000000000142
5.15503723737811     0.00000000002309
5.15504694796533     0.00000032367525
5.15512203745986     0.00000000000188
5.15520733553721     0.00000000000000
5.15523509143316     0.00000000214959
5.15526348856061     0.00000052174966
5.15538058556486     0.00000024287038
5.15539410819455     0.00000000015449
5.15542444990023     0.00000055282598
5.15554249509532     0.00000000013748
5.15556900851708     0.00000153507476
5.15557935580803     0.00000000024865
5.15567509393440     0.00000000000053
5.15574146836829     0.00000203155693
5.15580309146245     0.00000056317791
5.15582792951712     0.00000000000851
5.15587478950508     0.00000000000132
5.15592538072936     0.00000042728934
5.15595651523360     0.00000000095305
5.15599084943937     0.00000000000046
5.15602903588975     0.00000007414359
5.15609687410181     0.00000000000002
5.15616698513668     0.00000001047462
5.15617289862783     0.00000000001242
5.15621796266274     0.00000000957615
5.15622291662930     0.00000000000056
5.15634174119138     0.00000000000181
5.15650970438217     0.00000000000131
5.15653523957969     0.00000017371803
5.15660769512895     0.00000098042232
5.15662370973128     0.00000000001218
5.15666627105511     0.00000011019202
5.15677777785703     0.00000000640070
5.15681682746733     0.00000000000355
5.15686913600100     0.00000000001615
5.15691860370634     0.00000081416103
5.15699806834823     0.00000000000000
5.15702807858121     0.00000009136359
5.15705160326948     0.00000000008391
5.15707480018854     0.00000058073326
5.15715930887603     0.00000000000074
5.15722691971611     0.00000076700595
5.15726729245644     0.00000000000546
5.15735281459273     0.00000002262967
5.15746069101601     0.00000000175305
5.15747402075165     0.00000492394433
5.15768462598664     0.00000000000109
5.15771704960553     0.00000004753959
5.15784451198550     0.00000000000129
5.15786135414242     0.00000000000933
5.15795451943526     0.00000041334872
5.15797306651239     0.00000000003113
5.15800980497420     0.00000894342764
5.15816926760788     0.00000000000412
5.15817894249243     0.00000078955030
5.15824184872377     0.00000000000829
5.15828839249292     0.00000000001067
5.15836209312777     0.00000000000225
5.15840034484262     0.00000336992099
5.15841374859936     0.00000000032134
5.15847919838008     0.00000031316517
5.15860602329877     0.00000000000144
5.15865581358026     0.00000015824740
5.15873722103838     0.00000087736284
5.15883149813692     0.00000087931033
5.15884956724171     0.00000000010880
5.15887405363010     0.00000921093259
5.15888022225064     0.00000000138009
5.15910495683021     0.00001307530511
5.15910583303829     0.00000001039334
5.15925529903594     0.00000329092644
5.15926380540445     0.00000000037601
5.15927684751579     0.00000002765386
5.15940288033838     0.00000309428200
5.15947800790511     0.00000099676903
5.15954271091971     0.00000000000001
5.15963311597772     0.00000169108763
5.15970142542290     0.00000000004220
5.15972322200543     0.00000562533455
5.15982998443038     0.00000707493765
5.15994563940753     0.00000000002161
5.16001235811450     0.00000000000169
5.16005283618220     0.00000025274611
5.16010319667125     0.00000000007074
5.16023100103186     0.00000000171035
5.16023936312468     0.00001260037988
5.16045552749747     0.00000870840296
5.16057319790794     0.00000000000302
5.16071271995618     0.00000000661291
5.16072120802520     0.00001623584380
5.16094556003501     0.00000000000080
5.16097899480566     0.00000000000799
5.16113159544532     0.00000131698280
5.16115356207022     0.00000000021084
5.16119281009242     0.00000912821214
5.16141727993011     0.00000001096167
5.16142626980625     0.00002829995951
5.16160258640085     0.00000029966028
5.16167277719905     0.00000000003329
5.16182464205462     0.00000000001301
5.16184663300708     0.00000016301974
5.16195112799684     0.00000366632442
5.16203315326784     0.00000678185888
5.16204235125521     0.00000000006367
5.16236253926153     0.00000000000865
5.16245690510677     0.00000000000354
5.16246736109843     0.00000008433355
5.16257656760171     0.00001103451899
5.16284554205822     0.00000000000064
5.16287812666615     0.00000073218817
5.16292722126942     0.00000000000018
5.16301558190403     0.00000190803432
5.16304088282462     0.00000000000578
5.16321387680032     0.00000000000221
5.16322239843612     0.00000008804342
5.16349224556546     0.00000108654167
5.16393288432703     0.00000134916571
5.16410754665206     0.00000000000017
5.16421741928278     0.00000184660592
5.16445744797719     0.00000004803808
5.16451037072937     0.00000000000245
5.16474732897633     0.00000000000060
5.16492148595636     0.00000026505193
5.16495301873310     0.00000000000338
5.16517154466116     0.00000000000007
5.16521875608702     0.00000000048900
5.16527619807772     0.00009787299976
5.16545517027300     0.00000633913321
5.16553366956524     0.00000000005044
5.16557196451250     0.00002792384979
5.16561007935798     0.00000000016890
5.16567065972706     0.00000692512419
5.16592728125892     0.00000000000677
5.16659704189913     0.00000000002163
5.16663662294950     0.00004699048589
5.16689043284253     0.00000163459879
5.16696325884809     0.00000000000427
5.16703010093567     0.00000000000093
5.16721526044023     0.00000006659620
5.16742893300027     0.00000000000217
5.16758438210583     0.00000023737496
5.16783337379544     0.00000000000129
5.16821397357692     0.00000002219414
5.16850948622684     0.00000496751218
5.16890746175820     0.00000209951021
5.16967367599454     0.00000000000008
5.16967969802964     0.00000000206149
5.16986533291636     0.00004038747890
5.16999703719070     0.00000000001307
5.17096832304309     0.00000000000012
5.17157310070971     0.00000000000004
5.17160693860127     0.00000000000000
5.17171685386840     0.00000005223511
5.17211693858973     0.00000000000025
5.17261243380332     0.00001141826871
5.17275548956002     0.00000000000785
5.17330960759502     0.00000000000157
5.17363933404003     0.00001036684099
5.17422429239753     0.00000000041426
5.17438943224665     0.00064149635032
5.17561964747386     0.00000000000237
5.17592514551675     0.00000028736095
5.17638169187861     0.00004869228817
5.17682226554856     0.00000000001141
5.17720304865512     0.00000608919426
5.17748248641566     0.00010472782600
5.17811542364840     0.00000000017107
5.17812013710611     0.00002553834815
5.17971530560540     0.00000337628177
5.18133054776418     0.00000000000515
5.18147277605184     0.00000007516195
5.18156294868719     0.00000000000143
5.18228863877922     0.00000000006512
5.18435903726385     0.00331974840483
5.18598080970611     0.00000814193846
5.18786980920426     0.00000000000315
5.18836470071265     0.00000000000001
5.18946732037186     0.00000000000038
5.18959677018669     0.00046203298373
5.18965441576092     0.00001035980619
5.19027902654279     0.00000000000007
5.19080586334900     0.00143687708674
5.19663091162696     0.00000000000000
5.19977890693230     0.00000000628030
5.20058985269843     0.00000106839877
5.20075152699828     0.00000000000000
5.53987650134782     0.00000001011948
5.53987912113120     0.00000000798072
5.57559566337236     0.00000000858720
5.57559826046418     0.00000000581064
5.57677028016701     0.00000000847088
5.57677283924787     0.00000000670833
5.57853280327134     0.00000000794636
5.57853533005564     0.00000000811929
5.58624030669312     0.00000000629194
5.58624507842483     0.00000000657782
5.59884221909153     0.00000000532780
5.59884482596262     0.00000000406697
5.60052244541987     0.00000000492396
5.60052498539519     0.00000000514202
5.60473499305343     0.00000000511529
5.60473755848101     0.00000000444805
5.60627153501023     0.00000000522915
5.60627866658280     0.00000000534912
5.61041962342530     0.00000000771052
5.61042172902583     0.00000000956212
5.61256953402764     0.00000000461965
5.61257668177863     0.00000000481974
5.61621244268249     0.00000000537777
5.61621359678063     0.00000000378875
5.61668229791723     0.00000000472373
5.61668342246903     0.00000000585933
5.61725512988373     0.00000000422339
5.61726229737564     0.00000000467382
5.61819973702936     0.00000000677078
5.61820105475545     0.00000000195447
5.62088960641086     0.00000000453694
5.62089231063515     0.00000000451844
5.62238601634456     0.00000000450914
5.62238861723273     0.00000000421156
5.62379748569741     0.00000000306752
5.62380005608565     0.00000000331624
5.62567489510846     0.00000000495134
5.62568202049921     0.00000000575229
5.62605114349661     0.00000000416465
5.62605366531172     0.00000000515417
5.62720022779858     0.00000000509898
5.62720283482202     0.00000000321917
5.62747249941013     0.00000000452225
5.62747514261847     0.00000000475781
5.62793046656510     0.00000000480286
5.62793301726484     0.00000000395740
5.62876988113154     0.00000000616995
5.62877198056835     0.00000000672043
5.62946157464773     0.00000000422163
5.62946432105289     0.00000000496991
5.62991401844066     0.00000000402659
5.62991659952094     0.00000000400062
5.63028094165269     0.00000000415345
5.63028346074208     0.00000000473038
5.63034051984351     0.00000000717705
5.63034197223655     0.00000000144399
5.63197213607972     0.00000000424965
5.63197465771164     0.00000000379317
5.63311443349209     0.00000000391263
5.63311695964388     0.00000000442552
5.63386521879519     0.00000000452102
5.63386628996061     0.00000000401735
5.63664358737526     0.00000000404199
5.63664616819051     0.00000000454756
5.63824790128287     0.00000000640507
5.63824851638823     0.00000000184920
5.63878945807626     0.00000000597949
5.63879205107123     0.00000000535351
5.63951183608731     0.00000000356105
5.63951444227204     0.00000000442640
5.63997137494036     0.00000000461256
5.63997845598845     0.00000000349508
5.63998288224485     0.00000000834941
5.63999134976127     0.00000000717536
5.64166388563873     0.00000000599673
5.64166599312772     0.00000000505416
5.64414227750416     0.00000000387446
5.64415064344149     0.00000000383444
5.64655371797146     0.00000000730475
5.64655681164473     0.00000000786550
5.64717702144823     0.00000000221030
5.64718340669356     0.00000000229416
5.65082858957859     0.00000000518329
5.65083557833211     0.00000000543332
5.65124489927398     0.00000000523130
5.65125186848095     0.00000000529462
5.65152940869265     0.00000000490817
5.65153146936340     0.00000000643686
5.65201217543566     0.00000000514697
5.65201913607437     0.00000000508156
5.65254196797036     0.00000000403353
5.65255032718766     0.00000000372370
5.65292582057323     0.00000000503801
5.65293281471901     0.00000000502351
5.65466391416646     0.00000000631322
5.65466651635244     0.00000000388014
5.65472094990780     0.00000000530985
5.65472784621755     0.00000000532550
5.65479861424597     0.00000000391332
5.65480039625111     0.00000000422007
5.65560435514195     0.00000000078676
5.65561014130476     0.00000000075302
5.65575743120847     0.00000000184350
5.65575842889675     0.00000000128405
5.65666275643404     0.00000000993202
5.65666597569828     0.00000001100696
5.65675498636690     0.00000000412294
5.65676319064042     0.00000000406722
5.65695241277859     0.00000000329210
5.65695424411968     0.00000000362329
5.65755832259175     0.00000000169026
5.65756531375357     0.00000000170420
5.65914080145270     0.00000000416032
5.65914339593412     0.00000000456465
5.65935714707748     0.00000000209419
5.65935816631108     0.00000000220882
5.65949683868196     0.00000000433212
5.65949752882972     0.00000000766077
5.65968867218040     0.00000000480331
5.65969567706679     0.00000000444642
5.66011159588547     0.00000000269455
5.66011349225972     0.00000000407701
5.66013826820660     0.00000000239156
5.66014113381813     0.00000000242026
5.66077586498611     0.00000000423156
5.66077761574269     0.00000000049275
5.66083443082433     0.00000000542893
5.66084267769512     0.00000000504475
5.66108505888893     0.00000000498915
5.66108602958079     0.00000000323629
5.66211645668621     0.00000000586786
5.66211852160776     0.00000000631560
5.66292063746443     0.00000000422254
5.66292270483489     0.00000000588316
5.66299254800598     0.00000000929225
5.66299385318015     0.00000000069172
5.66341686724216     0.00000000287798
5.66341977448171     0.00000000266284
5.66380080591018     0.00000000354156
5.66380348233137     0.00000000392922
5.66408299671742     0.00000000626544
5.66408562881090     0.00000000334251
5.66444987346973     0.00000000174224
5.66445287323952     0.00000000144326
5.66451432999033     0.00000000176003
5.66451619963716     0.00000000247344
5.66507868771562     0.00000000626080
5.66508694305964     0.00000000651350
5.66528862108299     0.00000000347441
5.66529118084311     0.00000000432428
5.66542549378299     0.00000000443199
5.66542807463295     0.00000000443292
5.66555115335942     0.00000000005095
5.66556006325164     0.00000000433791
5.66568009481436     0.00000000651225
5.66568708621720     0.00000000718769
5.66657245511353     0.00000000234217
5.66657319316891     0.00000000636972
5.66663884432608     0.00000000423365
5.66664091931543     0.00000000608350
5.66686028827386     0.00000000088240
5.66686728115191     0.00000000089019
5.66692668475309     0.00000000122890
5.66692769815970     0.00000000198485
5.66701134535123     0.00000000439427
5.66701376126750     0.00000000508242
5.66738887026218     0.00000000267907
5.66738998591450     0.00000000138641
5.66782012250158     0.00000000552615
5.66782709410255     0.00000000581314
5.66857612902477     0.00000000214650
5.66858318679963     0.00000000216932
5.66878211099961     0.00000000459466
5.66878425261266     0.00000000376809
5.66920230185621     0.00000000196280
5.66920673958252     0.00000000185948
5.66926481303233     0.00000000391940
5.66926550099383     0.00000000594144
5.66977926777198     0.00000000220054
5.66978240151622     0.00000000135259
5.66992231011387     0.00000000542366
5.66992898832193     0.00000000679245
5.66993453053112     0.00000000297559
5.66993685230200     0.00000000206589
5.67013451761178     0.00000000337683
5.67014294326801     0.00000000340916
5.67029500405310     0.00000000214731
5.67029759929344     0.00000000136576
5.67040313140277     0.00000000001114
5.67040872156640     0.00000000001123
5.67050908038306     0.00000000172462
5.67051156938954     0.00000000188549
5.67090364340741     0.00000000431581
