# Absorption spectrum
# exc. energy / eV    osc. strength
4.94777468668689     0.00000000135721
4.94895381086481     0.00000000000000
4.95024006568603     0.00000000000000
4.95041227841325     0.00000000148350
4.95205398831962     0.00000000001299
4.95209273132644     0.00000007097160
4.95263298073202     0.00000000928329
4.95298142248341     0.00000000000013
4.95336586910455     0.00000000000100
4.95370910058514     0.00000001164473
4.95429219363495     0.00000004487219
4.95438946323426     0.00000000000004
4.95520894777999     0.00000002458873
4.95685230305607     0.00000000000014
4.95758099074117     0.00000000000001
4.95805871776014     0.00000058050857
4.95809631492028     0.00000000005043
4.95871635264587     0.00000004307905
4.95966848465633     0.00000009179689
4.96054766151794     0.00000022770690
4.96181970919261     0.00000000146330
4.96185837088841     0.00000000000000
4.96242041557361     0.00000000000258
4.96370358653697     0.00000166194547
4.96471518621315     0.00000000000650
4.96587218420751     0.00000000000268
4.96622065912738     0.00007845962687
4.96746183640628     0.00000000002546
4.96834778545886     0.00000013310357
4.96938514657723     0.00000000000002
4.96943903084469     0.00005203887753
4.97145973508726     0.00000000001608
4.97180016805046     0.00001211021687
4.97220361796218     0.00000000002393
4.97452415206384     0.00001193007326
4.97531537179294     0.00000000000045
4.97599730075709     0.00000000000517
4.97655074172665     0.00000146450478
4.97786244735877     0.00000000000144
4.97799416516270     0.00000044600829
4.97837482112973     0.00000009212152
4.97847464742175     0.00000000000291
4.97939644679091     0.00000000000490
4.97987064551262     0.00000000000005
4.98039766235720     0.00000411190570
4.98076261813347     0.00000008008054
4.98202782995579     0.00000000000000
4.98272637081849     0.00000031502635
4.98339707731444     0.00000000602721
4.98397658023676     0.00000000000000
4.98508591065514     0.00000000000000
4.98565950982962     0.00000028325439
4.98620238273543     0.00000000000004
4.98653635717137     0.00000085916533
4.98745158600517     0.00000000000004
4.98774582348410     0.00000002029078
4.98803439021563     0.00000000000023
4.98884609282571     0.00000021732896
4.98921763720453     0.00000000000199
4.99017187896814     0.00000064849464
4.99022175444061     0.00000000000005
4.99094561185817     0.00000000057657
4.99232767308054     0.00000000000001
4.99247069628948     0.00000073271053
4.99307211112501     0.00000028703231
4.99394739733090     0.00000000000002
4.99426055691346     0.00000000000011
4.99476361292342     0.00000019329420
4.99505613269014     0.00000000000013
4.99550106465182     0.00000000826690
4.99592643763925     0.00000067076270
4.99617036734774     0.00000000000355
4.99770014193228     0.00000000004510
4.99778595573040     0.00000073071003
4.99826916560295     0.00000000000176
4.99914986214063     0.00000000006909
5.00013348737160     0.00000081334011
5.00025435695584     0.00000000001970
5.00154564538819     0.00000000000198
5.00217048908709     0.00000219717031
5.00343946331206     0.00000202584046
5.00551183673159     0.00000000000006
5.00779400053375     0.00000000000017
5.00936131108938     0.00001765852078
5.00954410702177     0.00000000002412
5.01041924443086     0.00000000004840
5.01042439146001     0.00000006714653
5.01075355626035     0.00000003913099
5.01119482682268     0.00000000000159
5.01123225266403     0.00000005247650
5.01181842385581     0.00000011618143
5.01293954857385     0.00000008613477
5.01328300306276     0.00000000000001
5.01419575141087     0.00000049884179
5.01422025534986     0.00000000000717
5.01472207810367     0.00000000000908
5.01482908050415     0.00000037097243
5.01581816239410     0.00000000000023
5.01642120609817     0.00000022882101
5.01678361988865     0.00000000000003
5.01768232799232     0.00000000000055
5.01780388655796     0.00000005536648
5.01842201297910     0.00000021240381
5.01877281696053     0.00000000000000
5.02055151037564     0.00000018039766
5.02086299905224     0.00000000000133
5.02309969717362     0.00000463673442
5.02360096738742     0.00000000000545
5.02433321363909     0.00000115245715
5.02451677188726     0.00000013483460
5.02463208490703     0.00000000000243
5.02643686285700     0.00000000000003
5.02700380493481     0.00000000565046
5.02844590521304     0.00000000000021
5.02911963034956     0.00000004392392
5.02933628020633     0.00000000000023
5.03059028391530     0.00000001293000
5.03164153529540     0.00000000000086
5.03195402453049     0.00000014716754
5.03312019785334     0.00000000000096
5.03330567007976     0.00000014550237
5.03405182252984     0.00000000000014
5.03418814748081     0.00000018923548
5.03454618523648     0.00000328805060
5.03532866836107     0.00000000000001
5.03589621775155     0.00000000000004
5.03681510168131     0.00000000000003
5.03710003929445     0.00000000993555
5.03741940911219     0.00000000000000
5.03779876970931     0.00000000003805
5.03868665482385     0.00000000000036
5.03876808298656     0.00000000893833
5.03929933096417     0.00000000000006
5.03978786057771     0.00000000012033
5.03996390909917     0.00000000000000
5.04071860737776     0.00000000000002
5.04123953572984     0.00000015512018
5.04173894684329     0.00000035609696
5.04222027775806     0.00000146948446
5.04335132213599     0.00000000000003
5.04380394817296     0.00000042499859
5.04487206085833     0.00000000075483
5.04487528950596     0.00000012068626
5.04519339056518     0.00000000158870
5.04656529338799     0.00000000000005
5.04709144499863     0.00000000000000
5.04730283090812     0.00000002056998
5.04801056641216     0.00000000000012
5.04843510204100     0.00000000088689
5.04882385086867     0.00000000003549
5.04886925966430     0.00000000000007
5.04909399821879     0.00000000000008
5.04940617290113     0.00000000000002
5.04972180532155     0.00000005668292
5.04979529268871     0.00000000000111
5.05079690820453     0.00000000507139
5.05079923645817     0.00000039208156
5.05139341998761     0.00000000870073
5.05196190769395     0.00000000485132
5.05245020225291     0.00000000000008
5.05331841834460     0.00000000582194
5.05367856129901     0.00000000000006
5.05375689798335     0.00000003425348
5.05455144852990     0.00000000272302
5.05481485231262     0.00000000000001
5.05503941268354     0.00000000121088
5.05521165708728     0.00000000000000
5.05576801224595     0.00000001086528
5.05603372246704     0.00000000000000
5.05670346740878     0.00000000000001
5.05679206556146     0.00000002450848
5.05760270634041     0.00000000303859
5.05780767728480     0.00000000000001
5.05868795449524     0.00000001461187
5.05899260591592     0.00000000000001
5.06031440436965     0.00000003907683
5.06047449946252     0.00000195239438
5.06098394514361     0.00000000000012
5.06191030175160     0.00000002661962
5.06234242403961     0.00000000000006
5.06279885678538     0.00000000000007
5.06393256314258     0.00000001412872
5.06487853984038     0.00000141891690
5.06591385750558     0.00000000000007
5.06641107555923     0.00000004112106
5.06696681786972     0.00000000000003
5.06831088749702     0.00000000000005
5.06960278733118     0.00000000731198
5.07091186610440     0.00000000000302
5.07091452200448     0.00000000256738
5.07218715670080     0.00000004463025
5.07232613834146     0.00000000000007
5.07408665075989     0.00000000000000
5.07895128347320     0.00000006524170
5.08020157529796     0.00000152863479
5.08024788363925     0.00000000000501
5.08134793896424     0.00000000000001
5.08265749538515     0.00000000000009
5.08305421552197     0.00000059391194
5.08884886487784     0.00000000000000
5.08985716068532     0.00000003374278
5.09940127277417     0.00000000000000
5.10147905219728     0.00000000404096
5.15373974151078     0.00000000000000
5.15399453908506     0.00001631970885
5.15430490893541     0.00000413026033
5.15434401882597     0.00000000007182
5.15434598489141     0.00000024452235
5.15439283607571     0.00000000004715
5.15449496001071     0.00001124068911
5.15452848179581     0.00000000006657
5.15457359350766     0.00000000020470
5.15469228441387     0.00000011110400
5.15472319723559     0.00000419039295
5.15472369075977     0.00000069346871
5.15482363227369     0.00000000595841
5.15487390225342     0.00000000000189
5.15489200777794     0.00000000000268
5.15492580243537     0.00000046016509
5.15496573686356     0.00000013830015
5.15503723697508     0.00000000039697
5.15504309386015     0.00000233335701
5.15512203742156     0.00000000002553
5.15520733542532     0.00000000009927
5.15523349357352     0.00000151851590
5.15525700905014     0.00000404833674
5.15537377829788     0.00000571395912
5.15539410414740     0.00000000297980
5.15541223498214     0.00000677795126
5.15554249359376     0.00000000118769
5.15555813733160     0.00000530930511
5.15557935496430     0.00000000020400
5.15567509392402     0.00000000000751
5.15572520389590     0.00000849491498
5.15579968036644     0.00000142405197
5.15582792944598     0.00000000003331
5.15587478950029     0.00000000000166
5.15591769986343     0.00000461297750
5.15595524857599     0.00000069605310
5.15599084936079     0.00000000004758
5.15602765168586     0.00000079227058
5.15609687410170     0.00000000000005
5.15616594706871     0.00000072460217
5.15617289840289     0.00000000012284
5.15621673254832     0.00000085003401
5.15622291655365     0.00000000004231
5.15634174117704     0.00000000000805
5.15650970434406     0.00000000003275
5.15653321992006     0.00000150474984
5.15659511082756     0.00000820922331
5.15662370969218     0.00000000000834
5.15666603088339     0.00000001277100
5.15677747814627     0.00000023764155
5.15681682742530     0.00000000003004
5.15686913578388     0.00000000018324
5.15690868789281     0.00000706336883
5.15699806834817     0.00000000000004
5.15702601711594     0.00000171440044
5.15705160235742     0.00000000073761
5.15706858623070     0.00000411748626
5.15715930886227     0.00000000001101
5.15722219769197     0.00000289562121
5.15726729240554     0.00000000003782
5.15735057107999     0.00000269517376
5.15742968672858     0.00003002077883
5.15746069783766     0.00000000203844
5.15768462597879     0.00000000000581
5.15771671647017     0.00000026111604
5.15784451193324     0.00000000012051
5.15786135356094     0.00000000189213
5.15789167214965     0.00007828460790
5.15795841081322     0.00000229563286
5.15797306666818     0.00000000007740
5.15816926755868     0.00000000003132
5.15817660850084     0.00000051280563
5.15824184863992     0.00000000006066
5.15828839235106     0.00000000013135
5.15836209295849     0.00000000115404
5.15836630021749     0.00002593932616
5.15841374765427     0.00000000023721
5.15847300452719     0.00000490614651
5.15860602322372     0.00000000014232
5.15864805982165     0.00002250930565
5.15868052842246     0.00005662085366
5.15877415639360     0.00002386700701
5.15883646098510     0.00000152502199
5.15884956764619     0.00000000010159
5.15888022136593     0.00000000003840
5.15901732086388     0.00003016049057
5.15910583235092     0.00000000000251
5.15924028149520     0.00000519928253
5.15926380478611     0.00000000008166
5.15927680272917     0.00000000082540
5.15937747120914     0.00001398114844
5.15946857213982     0.00000533233580
5.15954271091952     0.00000000000020
5.15960132728612     0.00002973188001
5.15966671959276     0.00001926540096
5.15970142558927     0.00000000006201
5.15979589289371     0.00000939123671
5.15994563922461     0.00000000011025
5.16001235809546     0.00000000001979
5.16004615985306     0.00000917147538
5.16010318330807     0.00000016610172
5.16010794675671     0.00005821466674
5.16023100221940     0.00000000005143
5.16039424392747     0.00002148823837
5.16057319785435     0.00000000004757
5.16061896727721     0.00003159799193
5.16071272364645     0.00000000013404
5.16094556002979     0.00000000000259
5.16097899470989     0.00000000006890
5.16107012276664     0.00004072990649
5.16114867016902     0.00000403048019
5.16115356701210     0.00000000440839
5.16132399365837     0.00001864361810
5.16141728368149     0.00000000008864
5.16160141734612     0.00000032339144
5.16167277706723     0.00000000003827
5.16182464199560     0.00000000002148
5.16184620926054     0.00000005240443
5.16192872050233     0.00001025884364
5.16200365655198     0.00000878478670
5.16204235118187     0.00000000000736
5.16236253917351     0.00000000006109
5.16245690501468     0.00000000015334
5.16246500899936     0.00000351456864
5.16250142275170     0.00003400728138
5.16284554204888     0.00000000000710
5.16287156574369     0.00000392516911
5.16292722126752     0.00000000000123
5.16299699039269     0.00001103420557
5.16304088278487     0.00000000001554
5.16321387678517     0.00000000000913
5.16322203656293     0.00000014613699
5.16347656985956     0.00001512030961
5.16387832626337     0.00009477325268
5.16410754663922     0.00000000008303
5.16414296402400     0.00019949497513
5.16427759431605     0.00017824175868
5.16445843069320     0.00000148165869
5.16451037074843     0.00000000002738
5.16474732898161     0.00000000000237
5.16492487398347     0.00000042203500
5.16495301873433     0.00000000000292
5.16517154466126     0.00000000000000
5.16521875636607     0.00000000001145
5.16543577527696     0.00000347027791
5.16552032861113     0.00000448659719
5.16553366978616     0.00000000006014
5.16561007919143     0.00000000001156
5.16565964484674     0.00000120945489
5.16592728123607     0.00000000000568
5.16638585490174     0.00007725008112
5.16659704192012     0.00000000000144
5.16688387819613     0.00000175366752
5.16696325882697     0.00000000000651
5.16703010093224     0.00000000000091
5.16721500307949     0.00000007648128
5.16742893298549     0.00000000000737
5.16758064773358     0.00000257383278
5.16783337378588     0.00000000000636
5.16821353353508     0.00000065455788
5.16842017605379     0.00012830885663
5.16880205242451     0.00023791902550
5.16903728210640     0.00030285156298
5.16967367599377     0.00000000000001
5.16967975830296     0.00000000804462
5.16999703713989     0.00000000001724
5.17034861374678     0.00032618532859
5.17096832304457     0.00000000000108
5.17157310071035     0.00000000000016
5.17160693860169     0.00000000000007
5.17171890454355     0.00000034055523
5.17211693859132     0.00000000000027
5.17264262350997     0.00000608612850
5.17275548958535     0.00000000000556
5.17330960759738     0.00000000000030
5.17365265121822     0.00000063236954
5.17422429250291     0.00000000000189
5.17561964746496     0.00000000000246
5.17592223872863     0.00000193511397
5.17608542609954     0.00008097637793
5.17681845332908     0.00010135795037
5.17682226963682     0.00000010874493
5.17722382915036     0.00000303723567
5.17796500217198     0.00004178011078
5.17811542368036     0.00000000000045
5.17856752278233     0.00018148061417
5.17973708905772     0.00000267835897
5.18133054777088     0.00000000000061
5.18147291524220     0.00000000022834
5.18156294868873     0.00000000000015
5.18228863882716     0.00000000000279
5.18597661651163     0.00000020686057
5.18786980919914     0.00000000000058
5.18836470071265     0.00000000000000
5.18870125595429     0.00006192069758
5.18946732037196     0.00000000000000
5.18965313691602     0.00000000738497
5.19007414314635     0.00001606280350
5.19027902654285     0.00000000000000
5.19663091162695     0.00000000000000
5.19977828200256     0.00000020965472
5.20058879733062     0.00000000949817
5.20075152699827     0.00000000000000
5.48663842209939     0.13113816412212
5.53987741409780     0.00000110195279
5.53988103133864     0.00000611953349
5.57559632453119     0.00000073753946
5.57559904100509     0.00000151908848
5.57677088571404     0.00000065907745
5.57677367181399     0.00000157319328
5.57853332278753     0.00000054681764
5.57853623850761     0.00000163637291
5.58624081561522     0.00000062085483
5.58624575905657     0.00000106177213
5.59884266005537     0.00000045178530
5.59884530565357     0.00000070035230
5.60052282348276     0.00000037049848
5.60052555287468     0.00000079933440
5.60473538738945     0.00000038612913
5.60473803965369     0.00000066114431
5.60627197579310     0.00000048452028
5.60627918189401     0.00000064735427
5.61041965166195     0.00000006626612
5.61042176512768     0.00000008734677
5.61256993110272     0.00000041669758
5.61257714913605     0.00000055315317
5.61621277932930     0.00000023295429
5.61621406846911     0.00000064915495
5.61668253979547     0.00000016075782
5.61668400154124     0.00000074276750
5.61725548620010     0.00000036349531
5.61726273780319     0.00000050181395
5.61820023376515     0.00000040056746
5.61820133359496     0.00000043726863
5.62088994195576     0.00000029944480
5.62089275480084     0.00000052684868
5.62238635493704     0.00000029858855
5.62238903987459     0.00000049812215
5.62379772158388     0.00000021540430
5.62380037129733     0.00000035578254
5.62567528602155     0.00000037135582
5.62568253572522     0.00000055525024
5.62605143802327     0.00000024665866
5.62605415876081     0.00000055943131
5.62720059756002     0.00000033090647
5.62720313852792     0.00000035359069
5.62747279293746     0.00000025664226
5.62747554274918     0.00000045310694
5.62793079435567     0.00000028794141
5.62793337000527     0.00000040475369
5.62876989177744     0.00000003597664
5.62877199228924     0.00000004003001
5.62946185393792     0.00000023920616
5.62946474335824     0.00000046453965
5.62991431422030     0.00000025057722
5.62991698038341     0.00000041817043
5.63028122393333     0.00000023641984
5.63028388298429     0.00000046498932
5.63034104970183     0.00000044309865
5.63034216193140     0.00000028229316
5.63197243774168     0.00000025800101
5.63197500577389     0.00000038480398
5.63311470014124     0.00000022161703
5.63311734863593     0.00000041726740
5.63386547213075     0.00000016533893
5.63386669677490     0.00000047981873
5.63664385233001     0.00000021472544
5.63664654769731     0.00000039502212
5.63824788102702     0.00000001835495
5.63824851069328     0.00000000484249
5.63878946630090     0.00000004116976
5.63879205842643     0.00000003729985
5.63951208085901     0.00000019759428
5.63951482765837     0.00000039412985
5.63997167403609     0.00000026825901
5.63997876615458     0.00000029397492
5.63998294707597     0.00000009746059
5.63999137786804     0.00000005354651
5.64166389166230     0.00000002891914
5.64166599823509     0.00000002463827
5.64414253024380     0.00000022527718
5.64415090956578     0.00000025236803
5.64655398104729     0.00000022297989
5.64655715704076     0.00000035553343
5.64717701446985     0.00000000284305
5.64718339926783     0.00000000276931
5.65082858747178     0.00000001896909
5.65083557610076     0.00000001985862
5.65124490627329     0.00000002582140
5.65125187556783     0.00000002623589
5.65152941687937     0.00000002575529
5.65153148019566     0.00000003440420
5.65201218970711     0.00000003135938
5.65201915038540     0.00000003119397
5.65254221284033     0.00000021014096
5.65255056674308     0.00000021784475
5.65292581962632     0.00000001830738
5.65293281371976     0.00000001824574
5.65466391686748     0.00000003420309
5.65466651798036     0.00000002108320
5.65472095833561     0.00000002383981
5.65472785355626     0.00000002303034
5.65479880055101     0.00000014219640
5.65480065832847     0.00000025557359
5.65560435826967     0.00000000517883
5.65561014432252     0.00000000497293
5.65575762108513     0.00000012608143
5.65575862437381     0.00000019173286
5.65666277526994     0.00000005214750
5.65666599687698     0.00000005924247
5.65675497836848     0.00000000843762
5.65676318271029     0.00000000826288
5.65695259909529     0.00000013879007
5.65695450561670     0.00000024706125
5.65755842344317     0.00000011250282
5.65756541825645     0.00000012026652
5.65914105886359     0.00000018983429
5.65914375263588     0.00000033215863
5.65935730499187     0.00000010144533
5.65935841074468     0.00000023047200
5.65949684178457     0.00000002224657
5.65949753438996     0.00000004034717
5.65968866571655     0.00000001490435
5.65969567108647     0.00000001374163
5.66011173527956     0.00000012056896
5.66011375039181     0.00000027367984
5.66013840168533     0.00000012617924
5.66014128270752     0.00000015519690
5.66077613155799     0.00000026551610
5.66077765206455     0.00000004357148
5.66083443896063     0.00000002612603
5.66084268619255     0.00000002510398
5.66108528164964     0.00000014485679
5.66108626221834     0.00000024337112
5.66211646514809     0.00000002836569
5.66211853065029     0.00000003103152
5.66292062431269     0.00000001813351
5.66292268684475     0.00000002451568
5.66299255798907     0.00000005184081
5.66299385392078     0.00000000392265
5.66341705494087     0.00000014793437
5.66341997276601     0.00000017849282
5.66380078921361     0.00000000275768
5.66380346404473     0.00000000298489
5.66408303614080     0.00000002888688
5.66408565030526     0.00000001613898
5.66444999740175     0.00000012516073
5.66445298437459     0.00000012156752
5.66451446702506     0.00000009974856
5.66451643455847     0.00000020725876
5.66507872968125     0.00000004589346
5.66508698714444     0.00000004870340
5.66528861398714     0.00000000658972
5.66529117208607     0.00000000803946
5.66542566107812     0.00000015276658
5.66542826678568     0.00000020161352
5.66555115705764     0.00000000290076
5.66556039579340     0.00000027021823
5.66567998619555     0.00000006058448
5.66568696623441     0.00000006220082
5.66657244177353     0.00000000888118
5.66657315909276     0.00000002115019
5.66663885411527     0.00000001873978
5.66664093339378     0.00000002755769
5.66686040577118     0.00000008988210
5.66686740511314     0.00000009807479
5.66692678194233     0.00000006275304
5.66692790778145     0.00000018063526
5.66701154152247     0.00000014573246
5.66701403538342     0.00000024675628
5.66738906599383     0.00000013639577
5.66739012399209     0.00000013113150
5.66782013260627     0.00000002815605
5.66782710474824     0.00000002977754
5.66857615370924     0.00000011305258
5.66858321271900     0.00000011624498
5.66878204839459     0.00000001653605
5.66878420397307     0.00000001222967
5.66920241985893     0.00000009106106
5.66920685749004     0.00000009574269
5.66926495614801     0.00000006517287
5.66926595044661     0.00000042811014
5.66977944167303     0.00000013142469
5.66978251908388     0.00000009785513
5.66992244508637     0.00000012648581
5.66992914030388     0.00000014971242
5.66993450053054     0.00000000515603
5.66993682073117     0.00000000096316
5.67013472279277     0.00000016556656
5.67014316113546     0.00000018478497
5.67029535240783     0.00000012506794
5.67029788655086     0.00000013193898
5.67040314438806     0.00000000468120
5.67040873484840     0.00000000517384
5.67050921665509     0.00000010289854
5.67051173433208     0.00000014069272
5.67090359532051     0.00000001289116
