# Absorption spectrum
# exc. energy / eV    osc. strength
4.94777468071265     0.00000000605297
4.94895381086481     0.00000000000000
4.95024006568603     0.00000000000000
4.95041227180627     0.00000000677279
4.95205398826083     0.00000000006127
4.95209241257759     0.00000032950702
4.95263293894014     0.00000004330471
4.95298142248283     0.00000000000060
4.95336586910001     0.00000000000472
4.95370904779695     0.00000005508058
4.95429198951741     0.00000021371524
4.95438946323411     0.00000000000017
4.95520883522749     0.00000011858416
4.95685230305540     0.00000000000071
4.95758099074111     0.00000000000006
4.95805599405165     0.00000294138155
4.95809631469956     0.00000000022237
4.95871614981413     0.00000021981468
4.95966804571336     0.00000048310075
4.96054655728084     0.00000123251259
4.96181970187386     0.00000000842546
4.96185837088839     0.00000000000000
4.96242041556041     0.00000000001553
4.96369453529526     0.00001133796935
4.96471518617287     0.00000000005751
4.96584313985990     0.00041393225188
4.96587218436094     0.00000000201994
4.96746183630706     0.00000000008898
4.96834714407359     0.00000071124029
4.96922435573170     0.00020172329693
4.96938514657725     0.00000000000001
4.97145973501506     0.00000000007461
4.97175242024857     0.00004321290700
4.97220361787599     0.00000000007143
4.97447509177177     0.00004638104404
4.97531537179116     0.00000000000160
4.97599730073577     0.00000000002024
4.97654466375234     0.00000580509641
4.97786244735257     0.00000000000614
4.97799226911552     0.00000185519450
4.97837442898751     0.00000038421417
4.97847464740936     0.00000000001213
4.97939644676954     0.00000000002148
4.97987064551237     0.00000000000025
4.98037982436332     0.00001780763042
4.98076228605081     0.00000031695554
4.98202782995579     0.00000000000000
4.98272499014956     0.00000139276665
4.98339705077580     0.00000002689636
4.98397658023675     0.00000000000001
4.98508591065512     0.00000000000002
4.98565823589021     0.00000131876366
4.98620238273525     0.00000000000019
4.98653249275029     0.00000400065233
4.98745158600496     0.00000000000021
4.98774573168968     0.00000009558417
4.98803439021457     0.00000000000110
4.98884510154587     0.00000104069634
4.98921763719544     0.00000000000955
4.99016890432884     0.00000314055049
4.99022175444039     0.00000000000022
4.99094560920890     0.00000000280197
4.99232767308051     0.00000000000004
4.99246729349881     0.00000363727347
4.99307078348179     0.00000141343416
4.99394739733081     0.00000000000010
4.99426055691294     0.00000000000055
4.99476270620724     0.00000097897807
4.99505613268954     0.00000000000064
4.99550102554587     0.00000004257913
4.99592327795578     0.00000342578571
4.99617036733119     0.00000000001775
4.99770014170917     0.00000000025407
4.99778248459304     0.00000379524381
4.99826916559460     0.00000000000910
4.99914986180943     0.00000000036551
5.00012956928123     0.00000434423362
5.00025435686381     0.00000000009896
5.00154564537846     0.00000000001101
5.00215980064373     0.00001196621654
5.00342967919471     0.00001087506872
5.00551183673130     0.00000000000033
5.00779400053285     0.00000000000106
5.00927454000695     0.00009809405846
5.00954410694131     0.00000000006178
5.01041924419577     0.00000000026282
5.01042408466386     0.00000032263932
5.01075337412064     0.00000019513594
5.01119482681513     0.00000000000829
5.01123200405419     0.00000027109467
5.01181786636101     0.00000061573331
5.01293912822558     0.00000047216107
5.01328300306274     0.00000000000003
5.01419328700666     0.00000280220027
5.01422025531765     0.00000000003329
5.01472207805819     0.00000000005247
5.01482725021302     0.00000207845154
5.01581816239298     0.00000000000129
5.01642006275781     0.00000131493333
5.01678361988851     0.00000000000016
5.01768232798955     0.00000000000323
5.01780360703626     0.00000032481470
5.01842093802318     0.00000125218335
5.01877281696050     0.00000000000003
5.02055058258927     0.00000109828205
5.02086299904542     0.00000000000808
5.02307568216970     0.00002862253769
5.02360096736030     0.00000000003104
5.02432733083076     0.00000691027523
5.02451610513566     0.00000075879678
5.02463208489491     0.00000000001390
5.02643686285685     0.00000000000019
5.02700377548684     0.00000003532469
5.02844590521195     0.00000000000132
5.02911939810234     0.00000028265210
5.02933628020509     0.00000000000151
5.03059021488157     0.00000008483531
5.03164153529078     0.00000000000573
5.03195323121171     0.00000098431293
5.03312019784807     0.00000000000663
5.03330487443678     0.00000100141161
5.03405182252904     0.00000000000103
5.03418707128054     0.00000140852765
5.03452842724138     0.00002206927874
5.03532866836099     0.00000000000009
5.03589621775131     0.00000000000029
5.03681510168117     0.00000000000018
5.03709998508823     0.00000006807047
5.03741940911219     0.00000000000000
5.03779876950057     0.00000000026360
5.03868665482186     0.00000000000253
5.03876803359668     0.00000006281629
5.03929933096382     0.00000000000044
5.03978785990760     0.00000000085900
5.03996390909917     0.00000000000001
5.04071860737764     0.00000000000015
5.04123865771686     0.00000114387254
5.04173691900596     0.00000265772788
5.04221205460044     0.00001059025080
5.04335132213580     0.00000000000025
5.04380155481214     0.00000310220977
5.04487205543780     0.00000000895554
5.04487460713704     0.00000088763755
5.04519338156274     0.00000001174182
5.04656529338768     0.00000000000041
5.04709144499861     0.00000000000004
5.04730271242044     0.00000015709594
5.04801056641149     0.00000000000090
5.04843509689448     0.00000000687403
5.04882385066211     0.00000000027658
5.04886925966391     0.00000000000053
5.04909399821833     0.00000000000063
5.04940617290104     0.00000000000013
5.04972147348132     0.00000044715460
5.04979529268224     0.00000000000870
5.05079664147884     0.00000177724209
5.05079716844034     0.00000138188120
5.05139336885054     0.00000006917817
5.05196187902847     0.00000003898627
5.05245020225247     0.00000000000061
5.05331838360083     0.00000004772416
5.05367856129867     0.00000000000046
5.05375669308001     0.00000028212756
5.05455143215803     0.00000002265676
5.05481485231255     0.00000000000011
5.05503940537881     0.00000001014295
5.05521165708728     0.00000000000000
5.05576794637325     0.00000009192256
5.05603372246701     0.00000000000004
5.05670346740870     0.00000000000011
5.05679191592214     0.00000021029390
5.05760268767645     0.00000002638686
5.05780767728475     0.00000000000007
5.05868786386975     0.00000012937408
5.05899260591583     0.00000000000012
5.06031414107508     0.00000040827990
5.06046234924215     0.00001740034795
5.06098394514289     0.00000000000102
5.06191013554765     0.00000023885495
5.06234242403922     0.00000000000055
5.06279885678491     0.00000000000067
5.06393247270598     0.00000013324101
5.06486947999125     0.00001331396923
5.06591385750515     0.00000000000064
5.06641081161489     0.00000038995272
5.06696681786951     0.00000000000031
5.06831088749671     0.00000000000047
5.06960273909291     0.00000007324889
5.07091186608416     0.00000000003126
5.07091450489055     0.00000002625860
5.07218685625549     0.00000046553624
5.07232613834100     0.00000000000070
5.07408665075988     0.00000000000002
5.07895081594013     0.00000077116823
5.08019059912370     0.00001813867936
5.08024788361013     0.00000000003892
5.08134793896417     0.00000000000013
5.08265749538446     0.00000000000117
5.08304986388622     0.00000733864525
5.08884886487784     0.00000000000001
5.08985689591326     0.00000047820560
5.09940127277417     0.00000000000000
5.10147901563990     0.00000007612500
5.14100949762123     0.03775796178468
5.15373974151079     0.00000000000001
5.15405924461991     0.00005612004750
5.15432102996589     0.00001360415555
5.15434401908166     0.00000000020952
5.15434744413710     0.00000195252304
5.15439283625901     0.00000000016402
5.15452848125066     0.00000000102752
5.15454604063295     0.00004890854370
5.15457359581634     0.00000000599291
5.15469262572924     0.00000023990952
5.15472361959499     0.00000000143481
5.15474911269523     0.00002971429431
5.15482366730521     0.00000004739792
5.15487390226245     0.00000000000995
5.15489200778989     0.00000000001225
5.15492777717203     0.00000193928325
5.15496630427596     0.00000053449366
5.15503723758921     0.00000000021867
5.15505222322481     0.00000807236806
5.15512203751690     0.00000000008194
5.15520733566191     0.00000000012978
5.15523653375973     0.00000131698804
5.15527076215169     0.00000972371895
5.15538558823111     0.00000448805915
5.15539411322361     0.00000000635700
5.15544673892314     0.00003020247983
5.15554249586451     0.00000000099919
5.15557934768462     0.00000005959372
5.15558176386961     0.00002174100732
5.15567509394617     0.00000000001501
5.15575936913134     0.00002629898217
5.15580947753321     0.00001370537371
5.15582792970509     0.00000000046388
5.15587478950669     0.00000000000567
5.15593778820561     0.00001605344442
5.15596212338201     0.00001299086959
5.15599084968954     0.00000000052279
5.15603221386866     0.00000591048048
5.15609687410195     0.00000000000027
5.15616889155274     0.00000272774372
5.15617289924918     0.00000000134181
5.15622033778304     0.00000348537689
5.15622291697712     0.00000000097539
5.15634174120512     0.00000000002255
5.15650970441541     0.00000000003578
5.15653658196398     0.00000169442108
5.15662082534289     0.00001771418887
5.15662370993848     0.00000000167460
5.15666608705081     0.00000005682852
5.15677813315021     0.00000041475545
5.15681682749977     0.00000000004250
5.15686913612291     0.00000000014439
5.15692617270063     0.00000960502365
5.15699806834827     0.00000000000005
5.15702974352708     0.00000180854844
5.15705160369384     0.00000000055730
5.15707965885811     0.00000654713665
5.15715930888733     0.00000000001313
5.15722806973539     0.00000269093516
5.15726729248133     0.00000000003495
5.15735406931147     0.00000101742684
5.15746069407944     0.00000000159449
5.15749513578688     0.00002890807455
5.15768462598847     0.00000000000371
5.15771709566271     0.00000012651572
5.15784451199383     0.00000000000701
5.15786135420784     0.00000000005091
5.15795569560847     0.00000069510965
5.15797306656211     0.00000000003345
5.15806931243234     0.00006486930079
5.15816926765141     0.00000000006318
5.15817837703750     0.00000138341224
5.15824184877388     0.00000000006809
5.15828839255262     0.00000000007119
5.15836209313299     0.00000000000607
5.15841167658119     0.00001445675271
5.15841375510604     0.00000005369493
5.15848394988897     0.00000500711336
5.15860602331719     0.00000000001413
5.15865640971175     0.00000054411815
5.15874603398574     0.00000490305024
5.15883372750592     0.00000106880327
5.15884956745137     0.00000000008599
5.15888022119510     0.00000000017491
5.15891571907309     0.00003670692444
5.15910583234085     0.00000000000928
5.15916534022652     0.00006205745120
5.15926380288353     0.00000001019749
5.15926776734147     0.00002368550491
5.15927681400774     0.00000003543120
5.15941748302959     0.00001780510092
5.15948611618517     0.00001036597180
5.15954271091984     0.00000000000012
5.15963833527235     0.00000488188078
5.15970142548901     0.00000000003731
5.15975393331660     0.00002238292697
5.15986522272348     0.00004961319618
5.15994563956206     0.00000000023774
5.16001235811904     0.00000000000647
5.16005454577488     0.00000151535075
5.16010319698670     0.00000000025852
5.16023100206437     0.00000000010756
5.16030068846731     0.00004692010906
5.16050300195566     0.00004602780024
5.16057319794074     0.00000000003612
5.16071272322807     0.00000000030059
5.16083315151683     0.00011653523068
5.16094556003941     0.00000000000822
5.16097899487430     0.00000000009031
5.16114062928825     0.00000321751000
5.16115356340622     0.00000000067854
5.16124928045098     0.00004271607970
5.16141728332976     0.00000000032125
5.16158356726268     0.00012176605573
5.16162291539065     0.00015164875780
5.16167277782087     0.00000000341634
5.16182464209597     0.00000000010794
5.16184641498251     0.00000018553327
5.16196000582603     0.00001478600788
5.16204235113294     0.00000000007489
5.16207851824467     0.00008981400383
5.16236253931889     0.00000000007964
5.16245690512567     0.00000000001849
5.16246792742310     0.00000051909621
5.16263704020061     0.00009145972847
5.16284554206553     0.00000000000897
5.16288349518850     0.00000789029658
5.16292722127102     0.00000000000229
5.16303213416095     0.00002343936053
5.16304088300596     0.00000000072402
5.16321387680571     0.00000000001064
5.16322237075672     0.00000017573850
5.16349792959927     0.00000662181142
5.16394227419319     0.00000769343487
5.16410754665248     0.00000000000049
5.16421731342239     0.00000267206667
5.16445758580037     0.00000011047126
5.16451037072949     0.00000000000302
5.16474732897843     0.00000000000098
5.16492406733336     0.00000035432142
5.16495301872860     0.00000000000258
5.16517154466126     0.00000000000000
5.16521875632609     0.00000000003216
5.16541500037103     0.00002569203862
5.16549994137204     0.00001893007365
5.16553366967045     0.00000000005124
5.16561007912234     0.00000000009502
5.16565171457097     0.00001148676552
5.16589627984121     0.00034052747847
5.16592728150155     0.00000000285713
5.16659704191559     0.00000000000326
5.16685059611443     0.00010261690190
5.16696325791935     0.00000002913021
5.16697219047275     0.00029693139931
5.16703010095562     0.00000000013807
5.16721554922961     0.00000089583006
5.16742893301364     0.00000000002476
5.16758820972281     0.00000504055039
5.16783337379800     0.00000000000531
5.16821405197865     0.00000009434974
5.16851680562644     0.00001282186385
5.16891256949593     0.00000579891159
5.16967367599375     0.00000000000000
5.16967974401769     0.00000000583862
5.16995013592353     0.00008550775275
5.16999703726498     0.00000000020884
5.17096832304349     0.00000000000025
5.17157310071010     0.00000000000009
5.17160693860158     0.00000000000004
5.17171834084067     0.00000021470701
5.17211693859078     0.00000000000025
5.17262845717595     0.00000755355785
5.17275548957340     0.00000000000590
5.17330960759655     0.00000000000055
5.17365063574409     0.00000147749141
5.17422429249542     0.00000000000684
5.17557654145599     0.00049977603374
5.17561964758048     0.00000000124757
5.17592704481679     0.00000263946448
5.17653355067533     0.00013092253937
5.17682226558497     0.00000000003471
5.17721650234442     0.00000400423654
5.17775861443860     0.00016029546923
5.17811542367857     0.00000000000161
5.17822418056021     0.00010205412707
5.17973134661555     0.00000282751214
5.18133054776900     0.00000000000133
5.18147291452091     0.00000000052437
5.18156294868826     0.00000000000034
5.18228863881736     0.00000000000795
5.18597555434282     0.00000125518675
5.18786980919421     0.00000000000972
5.18836470071124     0.00000000044828
5.18836598836240     0.00040651065757
5.18946732037194     0.00000000000001
5.18965310161739     0.00000003883362
5.19000336368434     0.00007079681165
5.19027902654283     0.00000000000001
5.19663091162696     0.00000000000000
5.19977665691712     0.00000289916220
5.20058872148335     0.00000013940608
5.20075152699828     0.00000000000000
5.24003785833265     0.08494727610312
5.53987670265613     0.00000009193529
5.53987930519437     0.00000009745311
5.57559583177745     0.00000007226947
5.57559838832033     0.00000006156073
5.57677043671585     0.00000006731395
5.57677297848928     0.00000006724235
5.57853294075092     0.00000005906800
5.57853548790666     0.00000007619675
5.58624043221260     0.00000005420665
5.58624521720040     0.00000006329998
5.59884234407627     0.00000004999429
5.59884493018208     0.00000004553799
5.60052255569461     0.00000004380882
5.60052511177257     0.00000005509534
5.60473510839550     0.00000004577458
5.60473766798269     0.00000004744492
5.60627165498965     0.00000004886303
5.60627879364037     0.00000005356862
5.61041960798590     0.00000000662848
5.61042171018851     0.00000000795674
5.61256964672306     0.00000004459787
5.61257680334173     0.00000004967858
5.61621256281836     0.00000004380793
5.61621369967111     0.00000004561310
5.61668238653701     0.00000003240499
5.61668355596440     0.00000005927787
5.61725523304911     0.00000004049382
5.61726241511865     0.00000004765875
5.61819989782934     0.00000006125727
5.61820110983342     0.00000002489692
5.62088971190518     0.00000004029551
5.62089242456823     0.00000004719358
5.62238612398188     0.00000004068347
5.62238872650197     0.00000004489731
5.62379755935624     0.00000002798915
5.62380014076932     0.00000003421833
5.62567501392068     0.00000004581439
5.62568216369391     0.00000005727949
5.62605124057534     0.00000003605603
5.62605379677541     0.00000005343080
5.62720034394505     0.00000004453063
5.62720291389744     0.00000003269292
5.62747259250235     0.00000003589717
5.62747524888339     0.00000004391382
5.62793057033726     0.00000003983835
5.62793310960941     0.00000003829925
5.62876986609078     0.00000000421291
5.62877196442796     0.00000000445458
5.62946166479386     0.00000003421197
5.62946443535749     0.00000004671646
5.62991411685441     0.00000003565471
5.62991670534471     0.00000004149175
5.63028103398654     0.00000003509081
5.63028357479335     0.00000004702908
5.63034069083312     0.00000006450602
5.63034201230343     0.00000001760244
5.63197223406933     0.00000003689954
5.63197475211924     0.00000003837304
5.63311452228659     0.00000003256549
5.63311706809329     0.00000004304013
5.63386531376154     0.00000003362679
5.63386639131616     0.00000004310689
5.63664367842390     0.00000003216382
5.63664627721134     0.00000004226030
5.63824787278901     0.00000000229243
5.63824850859441     0.00000000058548
5.63878944104150     0.00000000522189
5.63879203599556     0.00000000456037
5.63951191919655     0.00000003035891
5.63951455350538     0.00000004376887
5.63997146826284     0.00000003627586
5.63997855125977     0.00000003609131
5.63998287944137     0.00000001074088
5.63999133958130     0.00000000625268
5.64166387005362     0.00000000374334
5.64166598016754     0.00000000307147
5.64414235695474     0.00000003059315
5.64415072358614     0.00000003145551
5.64655379746176     0.00000003471933
5.64655690248686     0.00000004186219
5.64717701232266     0.00000000037818
5.64718339717869     0.00000000036791
5.65082857389680     0.00000000261264
5.65083556191211     0.00000000271364
5.65124488651199     0.00000000356816
5.65125185559828     0.00000000358460
5.65152939657297     0.00000000364005
5.65153145367964     0.00000000464644
5.65201216516431     0.00000000436745
5.65201912612730     0.00000000428459
5.65254204654914     0.00000003033934
5.65255040106463     0.00000002905058
5.65292580578009     0.00000000255473
5.65293279997777     0.00000000252633
5.65466389742981     0.00000000490437
5.65466650624525     0.00000000295222
5.65472093963818     0.00000000340314
5.65472783557519     0.00000000325594
5.65479868066409     0.00000002450218
5.65480047585185     0.00000003160313
5.65560435411966     0.00000000073796
5.65561014034217     0.00000000070676
5.65575750977593     0.00000002338883
5.65575849207323     0.00000002171946
5.65666273316007     0.00000000769233
5.65666595033795     0.00000000827125
5.65675497192715     0.00000000120910
5.65676317641619     0.00000000118082
5.65695247802483     0.00000002416931
5.65695432246705     0.00000003108284
5.65755834941154     0.00000001657611
5.65756534092883     0.00000001697063
5.65914089354817     0.00000003343556
5.65914350513004     0.00000004283085
5.65935721216109     0.00000002015347
5.65935824523096     0.00000002817738
5.65949682639277     0.00000000349726
5.65949750811738     0.00000000561837
5.65968865569250     0.00000000218595
5.65969566186812     0.00000000200470
5.66011163343826     0.00000002194180
5.66011355229958     0.00000003672806
5.66013831803761     0.00000001938547
5.66014118564093     0.00000002107307
5.66077593147587     0.00000004060232
5.66077762357141     0.00000000501005
5.66083441802692     0.00000000383144
5.66084266615446     0.00000000364990
5.66108514235600     0.00000003034519
5.66108609272120     0.00000002674335
5.66211644201357     0.00000000431213
5.66211850593996     0.00000000450417
5.66292061914996     0.00000000274521
5.66292267986995     0.00000000366809
5.66299253105955     0.00000000780549
5.66299385192871     0.00000000056510
5.66341693432128     0.00000002433843
5.66341983934778     0.00000002466144
5.66380079105873     0.00000000041798
5.66380346602093     0.00000000045372
5.66408301272530     0.00000000440633
5.66408563739575     0.00000000239452
5.66444989967151     0.00000002025754
5.66445289526015     0.00000001737176
5.66451437500899     0.00000001780069
5.66451626747893     0.00000002827014
5.66507869504852     0.00000000700999
5.66508695070305     0.00000000731339
5.66528861370502     0.00000000101082
5.66529117178393     0.00000000123278
5.66542554068149     0.00000002603932
5.66542812328494     0.00000002803632
5.66555115464842     0.00000000046144
5.66556017659271     0.00000004096762
5.66568000769699     0.00000000919270
5.66568699068108     0.00000000956795
5.66657244511770     0.00000000134741
5.66657316725073     0.00000000331295
5.66663884033307     0.00000000294387
5.66664091335348     0.00000000419042
5.66686033134304     0.00000001423932
5.66686732562695     0.00000001488272
5.66692672335062     0.00000001250588
5.66692776743743     0.00000002492615
5.66701141321812     0.00000002595726
5.66701384455526     0.00000003391096
5.66738894360525     0.00000002504521
5.66739002808707     0.00000001599650
5.66782010919979     0.00000000437044
5.66782708016541     0.00000000455939
5.66857612152307     0.00000001784758
5.66858317948659     0.00000001801554
5.66878206504977     0.00000000258122
5.66878421640274     0.00000000196127
5.66920234316644     0.00000001486843
5.66920677966425     0.00000001459484
5.66926488112496     0.00000002090258
5.66926563793584     0.00000005575235
5.66977933038139     0.00000002165656
5.66978244115168     0.00000001426954
5.66992235346808     0.00000002039291
5.66992903530043     0.00000002279548
5.66993450850650     0.00000000077305
5.66993683061213     0.00000000015310
5.67013458622733     0.00000002684254
5.67014301373089     0.00000002801683
5.67029524949714     0.00000002114504
5.67029778620143     0.00000001900299
5.67040314680262     0.00000000071742
5.67040873772848     0.00000000079488
5.67050912749636     0.00000001755159
5.67051162199216     0.00000002043345
5.67090360462046     0.00000000205439
