# Absorption spectrum
# exc. energy / eV    osc. strength
4.94777456621935     0.00000003384487
4.94895381086481     0.00000000000000
4.95024006568597     0.00000000000002
4.95041199251509     0.00000008332753
4.95205398715481     0.00000000042636
4.95208729098077     0.00000171410286
4.95263253141388     0.00000014692322
4.95298142247521     0.00000000000268
4.95336586903783     0.00000000002215
4.95370867802565     0.00000014946213
4.95428832796875     0.00000131482714
4.95438946323176     0.00000000000083
4.95520613760106     0.00000098591041
4.95685230304582     0.00000000000414
4.95758099074083     0.00000000000016
4.95804289279387     0.00000777924043
4.95809631411088     0.00000000029205
4.95870694968989     0.00000433112704
4.95964891371243     0.00001056163764
4.96051269005090     0.00002217360805
4.96181945227300     0.00000031884338
4.96185837073241     0.00000000019574
4.96242041425268     0.00000000467393
4.96268108882765     0.00085048078027
4.96381976496009     0.00006761976537
4.96471518639909     0.00000000004467
4.96587218422255     0.00000000000061
4.96746183605574     0.00000000004076
4.96834180130796     0.00000221368367
4.96863645729934     0.00008492704908
4.96938514657738     0.00000000000001
4.97145973467666     0.00000000008279
4.97164856648118     0.00001821595461
4.97220361772574     0.00000000002293
4.97435018483998     0.00002526336886
4.97531537178548     0.00000000000091
4.97599730067142     0.00000000001275
4.97651941595180     0.00000445364341
4.97786244732621     0.00000000000535
4.97798682029898     0.00000120594167
4.97837460508881     0.00000008025860
4.97847464739532     0.00000000000515
4.97939644674852     0.00000000000919
4.97987064551185     0.00000000000016
4.98035537409785     0.00000862087028
4.98076038358096     0.00000032257621
4.98202782995579     0.00000000000000
4.98271595228486     0.00000176969637
4.98339702948325     0.00000001108021
4.98397658023664     0.00000000000002
4.98508591065514     0.00000000000000
4.98564961271755     0.00000180291412
4.98620238273397     0.00000000000026
4.98653789553806     0.00000032232026
4.98745158600532     0.00000000000000
4.98774554784829     0.00000006073989
4.98803439021297     0.00000000000061
4.98884132380608     0.00000097684198
4.98921763718945     0.00000000000397
4.99016840325402     0.00000106972000
4.99022175444081     0.00000000000000
4.99094421292985     0.00000024850187
4.99232767308057     0.00000000000000
4.99246790428809     0.00000104185656
4.99307151232649     0.00000031870891
4.99394739733078     0.00000000000004
4.99426055691338     0.00000000000010
4.99474524460824     0.00000359843561
4.99505613266202     0.00000000000510
4.99549878828789     0.00000043235281
4.99592193498277     0.00000132875893
4.99617036729136     0.00000000001288
4.99770014111613     0.00000000022627
4.99777451273198     0.00000275471778
4.99826916557859     0.00000000000592
4.99914952360063     0.00000006705527
5.00012238039665     0.00000285326530
5.00025435670668     0.00000000005869
5.00154564536123     0.00000000000737
5.00214205580251     0.00000758246606
5.00341762074282     0.00000597398528
5.00551183672943     0.00000000000052
5.00779400053159     0.00000000000082
5.00886486252019     0.00010984233802
5.00954410684649     0.00000000001071
5.01041924460544     0.00000000000132
5.01042465927980     0.00000000026125
5.01075166755764     0.00000028739298
5.01119482678990     0.00000000000678
5.01122741719663     0.00000076405590
5.01181573722505     0.00000050293349
5.01293699523270     0.00000050239054
5.01328300306239     0.00000000000007
5.01417309409244     0.00000443465105
5.01422025518997     0.00000000001644
5.01472207791584     0.00000000004189
5.01482137128336     0.00000159235106
5.01581816239418     0.00000000000014
5.01642060783949     0.00000026897503
5.01678361988769     0.00000000000020
5.01768232798853     0.00000000000112
5.01780291079892     0.00000022537811
5.01842179160792     0.00000019403304
5.01877281696035     0.00000000000004
5.02054890833272     0.00000065598356
5.02086299905190     0.00000000000104
5.02303019382064     0.00001744887738
5.02360096729516     0.00000000001982
5.02430560384413     0.00000599038060
5.02451403111063     0.00000051571884
5.02463208483510     0.00000000001340
5.02643686285212     0.00000000000096
5.02700382470504     0.00000000014025
5.02844590521329     0.00000000000010
5.02911978718504     0.00000000017183
5.02933628020623     0.00000000000019
5.03058999547535     0.00000006811963
5.03164153529349     0.00000000000102
5.03195213959804     0.00000049452779
5.03312019784552     0.00000000000232
5.03330577238260     0.00000008483981
5.03405182253031     0.00000000000000
5.03418820777483     0.00000012439919
5.03455082397009     0.00000145343390
5.03532866836104     0.00000000000002
5.03589621775126     0.00000000000009
5.03681510168136     0.00000000000001
5.03710007097516     0.00000000068650
5.03741940911218     0.00000000000000
5.03779876722970     0.00000000055344
5.03868665482419     0.00000000000020
5.03876796748604     0.00000003126804
5.03929933096410     0.00000000000006
5.03978786054218     0.00000000009732
5.03996390909918     0.00000000000000
5.04071860737781     0.00000000000001
5.04123837646867     0.00000036833314
5.04173774560437     0.00000052538380
5.04222425562646     0.00000024018832
5.04335132213366     0.00000000000055
5.04378793453411     0.00000380991374
5.04486857891345     0.00000151204971
5.04487209903377     0.00000000787858
5.04519333269594     0.00000001335117
5.04656529338588     0.00000000000050
5.04709144499850     0.00000000000003
5.04730241491317     0.00000010653757
5.04801056641220     0.00000000000008
5.04843201904977     0.00000068333501
5.04882073248343     0.00000068118733
5.04886925963619     0.00000000000580
5.04909399821858     0.00000000000010
5.04940617290099     0.00000000000004
5.04972198280726     0.00000000296093
5.04979529269091     0.00000000000034
5.05079691732547     0.00000000042377
5.05080024361755     0.00000007020612
5.05139340437383     0.00000000998190
5.05196189791766     0.00000000581327
5.05245020225221     0.00000000000021
5.05331831762250     0.00000002708415
5.05367856129901     0.00000000000004
5.05375618711584     0.00000018625280
5.05454816837004     0.00000074189227
5.05481485231199     0.00000000000015
5.05503935029959     0.00000001491654
5.05521165708728     0.00000000000000
5.05576774886349     0.00000006772367
5.05603372246704     0.00000000000000
5.05670346740876     0.00000000000001
5.05679209477982     0.00000001170961
5.05760268879709     0.00000000629305
5.05780767728473     0.00000000000002
5.05868784422025     0.00000003638283
5.05899260591575     0.00000000000005
5.06031444064411     0.00000002102137
5.06047185180649     0.00000208008366
5.06098394514397     0.00000000000001
5.06191009233927     0.00000006844653
5.06234242403965     0.00000000000004
5.06279885678488     0.00000000000017
5.06393219412543     0.00000009773885
5.06487268171158     0.00000244277884
5.06591385750549     0.00000000000008
5.06640731531155     0.00000091052566
5.06696681786898     0.00000000000020
5.06831088749716     0.00000000000000
5.06960280942180     0.00000000024841
5.07091186156689     0.00000000274515
5.07091292209752     0.00000038416309
5.07218544333873     0.00000044650552
5.07232613833871     0.00000000000070
5.07408665075978     0.00000000000003
5.07893940814478     0.00000317739392
5.08011391800358     0.00002239651911
5.08024788354591     0.00000000000834
5.08134793896339     0.00000000000020
5.08265749538372     0.00000000000041
5.08304994714585     0.00000144677828
5.08884886487783     0.00000000000000
5.08985722529430     0.00000000864800
5.09940127277417     0.00000000000000
5.10147097648423     0.00000211921250
5.15373974151078     0.00000000000000
5.15401018385640     0.00000281708611
5.15430865745907     0.00000078688725
5.15434401890578     0.00000000000614
5.15434629564457     0.00000002819653
5.15439283612239     0.00000000000714
5.15450578928718     0.00000221686050
5.15452848189348     0.00000000002689
5.15457359372959     0.00000000005129
5.15469225172739     0.00000006764735
5.15472361496337     0.00000000082905
5.15472881879116     0.00000073934000
5.15482363750452     0.00000000152729
5.15487390225545     0.00000000000028
5.15489200777937     0.00000000000092
5.15492644998063     0.00000000381957
5.15496593137282     0.00000000000083
5.15503723728841     0.00000000001755
5.15504583158714     0.00000019385372
5.15512203745330     0.00000000000115
5.15520733553720     0.00000000000000
5.15523508318288     0.00000000159474
5.15526159882026     0.00000034442981
5.15537966327991     0.00000017612842
5.15539410762940     0.00000000010412
5.15542244095050     0.00000036687683
5.15554249446233     0.00000000014678
5.15556336146393     0.00000104279605
5.15557935521267     0.00000000007179
5.15567509393234     0.00000000000040
5.15573410049768     0.00000133737378
5.15580127945763     0.00000029247642
5.15582792949054     0.00000000000418
5.15587478950053     0.00000000000079
5.15592389726996     0.00000025916575
5.15595651202405     0.00000000054408
5.15599084943774     0.00000000000029
5.15602877214594     0.00000004724442
5.15609687410175     0.00000000000001
5.15616694619115     0.00000000729260
5.15617289858188     0.00000000000856
5.15621792659634     0.00000000684116
5.15622291662721     0.00000000000039
5.15634174118431     0.00000000000139
5.15650970437658     0.00000000000120
5.15653450332708     0.00000015703013
5.15660372062682     0.00000080976437
5.15662370969136     0.00000000000659
5.15666584706477     0.00000008211266
5.15677775115405     0.00000000561023
5.15681682745213     0.00000000000328
5.15686913592747     0.00000000001686
5.15691508209649     0.00000076581695
5.15699806834820     0.00000000000000
5.15702766430613     0.00000009452875
5.15705160286576     0.00000000009783
5.15707225149915     0.00000056206710
5.15715930887263     0.00000000000079
5.15722336900869     0.00000082539840
5.15726729243235     0.00000000000535
5.15735269548199     0.00000003156525
5.15745158382161     0.00000508237807
5.15746070262237     0.00000000386172
5.15768462598156     0.00000000000120
5.15771681933385     0.00000005615751
5.15784451197768     0.00000000000239
5.15786135408255     0.00000000001934
5.15794817739670     0.00000394893805
5.15797127088320     0.00000659875302
5.15797306874200     0.00000000803314
5.15816926758254     0.00000000000785
5.15817566556483     0.00000068032946
5.15824184868686     0.00000000000828
5.15828839243910     0.00000000001367
5.15836209310907     0.00000000000781
5.15838375922303     0.00000402692418
5.15841374787975     0.00000000008116
5.15847783179556     0.00000029892721
5.15860602329021     0.00000000000257
5.15865473429965     0.00000036915822
5.15872972884659     0.00000306795543
5.15880903629237     0.00001150138858
5.15884003226141     0.00000246407737
5.15884956790641     0.00000000020451
5.15888022142049     0.00000000002515
5.15904925302524     0.00001059102809
5.15910583235186     0.00000000000228
5.15924351695370     0.00000203394097
5.15926380482191     0.00000000004545
5.15927677880377     0.00000000858672
5.15938985343516     0.00000265847238
5.15947400727739     0.00000079453271
5.15954271091969     0.00000000000001
5.15962225663455     0.00000327691448
5.15969512032239     0.00000613828665
5.15970142607642     0.00000000050963
5.15980454637258     0.00000416873887
5.15994563932199     0.00000000001705
5.16001235810588     0.00000000000222
5.16005138252868     0.00000041844863
5.16010319614508     0.00000000019709
5.16017604218170     0.00001434728769
5.16023100231866     0.00000000004875
5.16041897976818     0.00000697015645
5.16057319789302     0.00000000000371
5.16065886386759     0.00001090284558
5.16071272390566     0.00000000011873
5.16094556003155     0.00000000000076
5.16097899476668     0.00000000000958
5.16111424758209     0.00000792415350
5.16115331611973     0.00000396608779
5.16115365503718     0.00000149776801
5.16133649081617     0.00001218775756
5.16141728374903     0.00000000006698
5.16160182804290     0.00000009644566
5.16167277710023     0.00000000001477
5.16182464199945     0.00000000001178
5.16184591646624     0.00000015821764
5.16193370618642     0.00000387085074
5.16201205560245     0.00000306545365
5.16204235119356     0.00000000000301
5.16236253922091     0.00000000000962
5.16245690508298     0.00000000000805
5.16246678725103     0.00000019583751
5.16253048888220     0.00000939654923
5.16284554205529     0.00000000000068
5.16287495358178     0.00000068953941
5.16292722126861     0.00000000000018
5.16300713567580     0.00000186902437
5.16304088280503     0.00000000000334
5.16321387678889     0.00000000000297
5.16322196363997     0.00000010809751
5.16348589247306     0.00000186217852
5.16392188376044     0.00000445680220
5.16410754665030     0.00000000000094
5.16419789029987     0.00001002750105
5.16445649504750     0.00000094718999
5.16451037066228     0.00000000009267
5.16462547781035     0.00014426070541
5.16474732898843     0.00000000001225
5.16492309219492     0.00000048575372
5.16495301875118     0.00000000000486
5.16517154466123     0.00000000000000
5.16521875638049     0.00000000000887
5.16544216167205     0.00000117455588
5.16552363313034     0.00000329048585
5.16553366984096     0.00000000007591
5.16561007920187     0.00000000000727
5.16566108746772     0.00000062957478
5.16592728124038     0.00000000000256
5.16646074106424     0.00002975409225
5.16659704192208     0.00000000000123
5.16688638159770     0.00000050134758
5.16696325883667     0.00000000000154
5.16703010093287     0.00000000000042
5.16721501342978     0.00000004613109
5.16742893299068     0.00000000000213
5.16758322115833     0.00000028572986
5.16783337378797     0.00000000000217
5.16821379358457     0.00000007349815
5.16846596641098     0.00001844313817
5.16888390447610     0.00001280747956
5.16941174971173     0.00017828429016
5.16967367599508     0.00000000000019
5.16967971170840     0.00000000457069
5.16999703715314     0.00000000000544
5.17089791436693     0.00036295834467
5.17096832305567     0.00000000006532
5.17157310071012     0.00000000000022
5.17160693860127     0.00000000000000
5.17171730065127     0.00000019234075
5.17211693859104     0.00000000000035
5.17265190125973     0.00000661957217
5.17275548959274     0.00000000000687
5.17330960759784     0.00000000000026
5.17365187858134     0.00000075022993
5.17422429250468     0.00000000000140
5.17561964746756     0.00000000000084
5.17592369585668     0.00000036663999
5.17615980571554     0.00003757448948
5.17682226541511     0.00000000007863
5.17693636138930     0.00006355978309
5.17722491429604     0.00000345424295
5.17800221827288     0.00002094197776
5.17811542368094     0.00000000000031
5.17877714784121     0.00016936063579
5.17972995563894     0.00000315406078
5.18133054777145     0.00000000000052
5.18147287351580     0.00000000636469
5.18156294868893     0.00000000000011
5.18228863883058     0.00000000000204
5.18597699359941     0.00000008985781
5.18786980919959     0.00000000000035
5.18836470071263     0.00000000000000
5.18873648125531     0.00004359155420
5.18946732037197     0.00000000000000
5.18965312951617     0.00000000785873
5.19009094192654     0.00001034765327
5.19027902654285     0.00000000000000
5.19663091162694     0.00000000000000
5.19977889938708     0.00000000045621
5.20058852165738     0.00000008350931
5.20075152699826     0.00000000000000
5.53987578334979     0.00000247555543
5.53987874112975     0.00000087925881
5.57558860766602     0.00021411139410
5.57559740068952     0.00000470480263
5.57676036459277     0.00038847756213
5.57677185022214     0.00000489288954
5.57851215652258     0.00147526891574
5.57853412510665     0.00000496791646
5.58045929280413     0.13140910362988
5.58624181239972     0.00001484526181
5.58624951104482     0.00012300302837
5.59884282755098     0.00000326700260
5.59884561516282     0.00000720000443
5.60052294648726     0.00000241545485
5.60052586214319     0.00000708154629
5.60473546237142     0.00000207706287
5.60473817862909     0.00000417066355
5.60627205193748     0.00000256021213
5.60627928604231     0.00000359415957
5.61042008915286     0.00000128805451
5.61042287370322     0.00000627417900
5.61256991376098     0.00000156904953
5.61257712602440     0.00000205892783
5.61621275530514     0.00000083451640
5.61621400593555     0.00000202894938
5.61668254054571     0.00000057431347
5.61668400501150     0.00000266883597
5.61725543874685     0.00000113467622
5.61726267322195     0.00000151827336
5.61820017305039     0.00000132234601
5.61820127417342     0.00000116008842
5.62088988844130     0.00000087212413
5.62089266532541     0.00000138504614
5.62238628930526     0.00000082277929
5.62238893709264     0.00000120957010
5.62379767112069     0.00000056025740
5.62380029193740     0.00000083845772
5.62567519269961     0.00000089881052
5.62568240047104     0.00000126126945
5.62605137333972     0.00000063091457
5.62605402261247     0.00000123193778
5.62720051599011     0.00000081399651
5.62720305677650     0.00000076478020
5.62747274600994     0.00000067249530
5.62747546190949     0.00000108179918
5.62793073046288     0.00000072275114
5.62793328523386     0.00000090465983
5.62877018222176     0.00000071825250
5.62877244879451     0.00000159469939
5.62946179730424     0.00000058765844
5.62946463929313     0.00000102003390
5.62991423087901     0.00000057054067
5.62991685199203     0.00000081110115
5.63028115456137     0.00000055193940
5.63028375607678     0.00000093533317
5.63034090912811     0.00000103898089
5.63034208771592     0.00000045446102
5.63197235519205     0.00000056492965
5.63197489176124     0.00000072219524
5.63311462947364     0.00000048794576
5.63311722524181     0.00000079217064
5.63386541589245     0.00000041447794
5.63386655836976     0.00000086502521
5.63664377704419     0.00000045269539
5.63664642234085     0.00000071608857
5.63824815641069     0.00000045626023
5.63824867451363     0.00000060768941
5.63878972597472     0.00000060400369
5.63879234925481     0.00000083605209
5.63951199794475     0.00000037081047
5.63951467602260     0.00000062210968
5.63997158619304     0.00000048675970
5.63997861405053     0.00000035884511
5.63998330119285     0.00000104375910
5.63999173361199     0.00000102080203
5.64166414083945     0.00000053924481
5.64166626999389     0.00000075303926
5.64414245357347     0.00000040326183
5.64415082528742     0.00000043463641
5.64655400930102     0.00000057861792
5.64655720157603     0.00000096268910
5.64717711844806     0.00000021433366
5.64718351057959     0.00000023685944
5.65082880102290     0.00000043776619
5.65083581467366     0.00000052142025
5.65124511242802     0.00000043946917
5.65125209833974     0.00000050486785
5.65152958945781     0.00000033116727
5.65153176670825     0.00000068325298
5.65201238486422     0.00000042725880
5.65201935616087     0.00000047696091
5.65254213094216     0.00000033794495
5.65255048348686     0.00000033666541
5.65292602324643     0.00000040970423
5.65293302923742     0.00000046016009
5.65466414773665     0.00000044856664
5.65466668391776     0.00000037663382
5.65472115884063     0.00000041399692
5.65472806895183     0.00000046933186
5.65479873749604     0.00000027416381
5.65480055028672     0.00000040259439
5.65560438671479     0.00000006295921
5.65561017184587     0.00000006155086
5.65575749089832     0.00000013654595
5.65575847523460     0.00000011782035
5.65666309719276     0.00000057854622
5.65666646169316     0.00000106194976
5.65675514810052     0.00000031721644
5.65676335653315     0.00000033831833
5.65695253235304     0.00000022056812
5.65695439622511     0.00000032583120
5.65755837987809     0.00000012789321
5.65756537228279     0.00000013325357
5.65914095021037     0.00000026768849
5.65914358145940     0.00000037944277
5.65935721207301     0.00000013164338
5.65935824537414     0.00000018392578
5.65949694553855     0.00000013766359
5.65949785953702     0.00000074563261
5.65968885131675     0.00000033818528
5.65969585144989     0.00000034618492
5.66011167111553     0.00000016960083
5.66011361777136     0.00000031611803
5.66013830455084     0.00000016946895
5.66014117242265     0.00000018047609
5.66077602170072     0.00000029293794
5.66077763601079     0.00000004209130
5.66083463217280     0.00000037451733
5.66084287392160     0.00000038285290
5.66108521812779     0.00000026555436
5.66108617116355     0.00000032363362
5.66211665099342     0.00000032054444
5.66211878173513     0.00000053281961
5.66292076791695     0.00000023328926
5.66292291893400     0.00000045080296
5.66299286671590     0.00000060584166
5.66299388534349     0.00000008287343
5.66341694976414     0.00000018343795
5.66341985543905     0.00000018993056
5.66380091600650     0.00000021462462
5.66380361615981     0.00000028550891
5.66408320201637     0.00000038029699
5.66408575326579     0.00000026174721
5.66444992822436     0.00000011082457
5.66445292010985     0.00000009821498
5.66451438948639     0.00000010634410
5.66451629053839     0.00000017533175
5.66507891121606     0.00000038630616
5.66508718912517     0.00000045008675
5.66528872302578     0.00000020197621
5.66529132011988     0.00000030307548
5.66542564475535     0.00000025368033
5.66542824563268     0.00000032535547
5.66555115516026     0.00000000320676
5.66556021942510     0.00000028243110
5.66568030207674     0.00000039413951
5.66568732642632     0.00000049386503
5.66657250654761     0.00000009139312
5.66657338204341     0.00000045289362
5.66663896405081     0.00000022270614
5.66664112019125     0.00000043343285
5.66686031908490     0.00000005530659
5.66686731255107     0.00000005675305
5.66692672532225     0.00000006741086
5.66692777133660     0.00000013580410
5.66701148974354     0.00000023907683
5.66701395286701     0.00000036428946
5.66738896053815     0.00000015311431
5.66739003916748     0.00000010296552
5.66782031163713     0.00000032480020
5.66782730475579     0.00000038305382
5.66857618463094     0.00000012719770
5.66858324464764     0.00000013274872
5.66878225643512     0.00000024572006
5.66878438873705     0.00000026235816
5.66920236909055     0.00000011443337
5.66920680527379     0.00000011501170
5.66926491196559     0.00000012679551
5.66926573391014     0.00000047016722
5.66977934422022     0.00000012664629
5.66978245074533     0.00000008436216
5.66992249245864     0.00000029506774
5.66992922057860     0.00000040836043
5.66993461284256     0.00000018131004
5.66993691344938     0.00000013847117
5.67013462641593     0.00000019570590
5.67014305602890     0.00000020813988
5.67029497919317     0.00000012924363
5.67029758322181     0.00000007964335
5.67040313288631     0.00000000072648
5.67040872380279     0.00000000073550
5.67050914345666     0.00000009684278
5.67051164234642     0.00000011801103
5.67090375605996     0.00000024951005
