# Absorption spectrum
# exc. energy / eV    osc. strength
4.93507070752098     0.03296842246004
4.94777545711290     0.00000137693752
4.94895381086489     0.00000000000011
4.95024006568629     0.00000000000034
4.95041350782476     0.00000161780440
4.95205399071296     0.00000000174366
4.95211214523152     0.00002107974283
4.95263459345385     0.00000169861609
4.95298142251031     0.00000000002702
4.95336586930638     0.00000000019125
4.95371037936854     0.00000113685265
4.95430221258870     0.00000858789727
4.95438946324172     0.00000000000703
4.95521520922724     0.00000489277670
4.95685230307287     0.00000000001037
4.95758099074169     0.00000000000026
4.95808167688621     0.00001121490108
4.95809631933698     0.00000000549024
4.95872636851574     0.00000507088234
4.95968391426946     0.00000670214102
4.96056916231353     0.00000819313701
4.96181977601866     0.00000001929616
4.96185837092350     0.00000000001095
4.96242041567647     0.00000000002547
4.96373741526658     0.00000546695582
4.96471518631003     0.00000000001043
4.96587218422047     0.00000000000041
4.96746183577246     0.00000000011561
4.96816078080274     0.00012277530871
4.96835979335176     0.00000735759997
4.96938514657736     0.00000000000000
4.97145973321252     0.00000000152043
4.97152806446504     0.00004583184517
4.97220361758851     0.00000000004822
4.97414830070986     0.00009252540808
4.97531537177878     0.00000000000290
4.97599730055862     0.00000000005860
4.97648021993453     0.00002015538232
4.97786244726822     0.00000000003695
4.97797481727821     0.00000700521219
4.97837379632844     0.00000047850839
4.97847464734294     0.00000000003130
4.97939644663968     0.00000000007573
4.97987064550968     0.00000000000177
4.98025637411234     0.00006618883189
4.98075734262137     0.00000168058111
4.98202782995579     0.00000000000000
4.98269376950168     0.00001630023681
4.98339688809929     0.00000010593865
4.98397658023638     0.00000000000021
4.98508591065510     0.00000000000004
4.98562287145718     0.00002325083665
4.98620238273008     0.00000000000337
4.98653303114196     0.00000430907111
4.98745158600524     0.00000000000007
4.98774454698941     0.00000096838026
4.98803439020264     0.00000000001021
4.98882430528631     0.00001739025377
4.98921763712131     0.00000000006861
4.99014872417552     0.00002122646449
4.99022175444079     0.00000000000002
4.99093953104438     0.00000517733329
4.99232767308056     0.00000000000002
4.99244601318693     0.00002695215428
4.99306477457841     0.00000835581916
4.99394739732986     0.00000000000130
4.99426055691074     0.00000000000417
4.99466111886820     0.00011441202576
4.99505613256410     0.00000000011041
4.99548880828084     0.00001347496626
4.99589196432300     0.00003944915296
4.99617036702046     0.00000000033472
4.99769991722886     0.00001171251896
4.99770210530759     0.00009976717296
4.99826916543381     0.00000000020796
4.99914745992709     0.00000372751147
5.00002909174281     0.00017590963007
5.00025435555175     0.00000000133461
5.00154564491331     0.00000000159808
5.00186064346870     0.00056958932657
5.00322525501294     0.00033903902556
5.00551183668632     0.00000000020979
5.00627799645687     0.00307037342260
5.00779400054451     0.00000000001192
5.00954410679206     0.00000000001624
5.01041924459264     0.00000000000732
5.01042465673276     0.00000000145827
5.01074847221249     0.00000208353861
5.01119482666943     0.00000000012569
5.01121776418375     0.00000713998048
5.01180856615607     0.00000599333703
5.01292804952745     0.00000933598459
5.01328300306107     0.00000000000146
5.01408565931289     0.00009967880457
5.01422025507536     0.00000000004691
5.01472207690430     0.00000000143425
5.01479302422464     0.00002938881843
5.01581816239132     0.00000000000347
5.01641468051495     0.00000766506546
5.01678361988323     0.00000000000591
5.01768232795926     0.00000000004495
5.01779721985769     0.00000843310348
5.01841667038480     0.00000793271413
5.01877281695937     0.00000000000157
5.02052662763148     0.00004426369586
5.02086299901672     0.00000000006976
5.02247451998295     0.00097463134314
5.02360096693157     0.00000000039163
5.02417493135014     0.00015864983872
5.02450698419463     0.00000557018644
5.02463208462914     0.00000000018594
5.02643686282613     0.00000000004114
5.02700382069392     0.00000000673683
5.02844590521011     0.00000000000601
5.02911978138057     0.00000001151430
5.02933628019972     0.00000000001311
5.03058745206372     0.00000557556264
5.03164153525071     0.00000000010536
5.03193230344744     0.00004665837193
5.03312019774358     0.00000000026286
5.03330204468587     0.00000961388702
5.03405182253022     0.00000000000029
5.03418163574320     0.00002030305132
5.03448718506858     0.00016236056089
5.03532866836039     0.00000000000164
5.03589621774701     0.00000000001153
5.03681510168089     0.00000000000138
5.03710003598403     0.00000010473224
5.03741940911208     0.00000000000032
5.03779873744558     0.00000009412497
5.03868665481267     0.00000000003990
5.03876615127581     0.00000619403150
5.03929933096036     0.00000000001333
5.03978785431978     0.00000002336222
5.03996390909914     0.00000000000015
5.04071860737738     0.00000000000188
5.04120973157319     0.00012970264686
5.04169886154898     0.00016675347082
5.04220642041762     0.00007720213690
5.04335132201762     0.00000000143495
5.04349826399712     0.00123264405996
5.04477636440240     0.00031942672543
5.04487208143662     0.00000000229693
5.04519265032162     0.00000204676996
5.04656529334660     0.00000000018188
5.04709144499550     0.00000000001584
5.04729288073635     0.00005000281560
5.04801056640335     0.00000000005859
5.04835895915789     0.00044285927170
5.04876550700161     0.00025444411734
5.04886925941090     0.00000000051373
5.04909399821081     0.00000000003408
5.04940617289721     0.00000000001958
5.04972169764728     0.00000161260707
5.04979529265741     0.00000000019195
5.05079196062828     0.00005635550105
5.05079695052333     0.00000015019061
5.05139213540337     0.00000947088005
5.05196107687507     0.00000680846334
5.05245020221881     0.00000000030672
5.05331282440886     0.00006524123990
5.05367856128099     0.00000000044609
5.05371642552639     0.00048876014057
5.05440165038551     0.00162385099916
5.05481485229112     0.00000000016973
5.05503674959682     0.00002657373652
5.05521165708718     0.00000000000114
5.05575132241337     0.00023241023525
5.05603372246633     0.00000000001065
5.05670346740403     0.00000000010286
5.05678779019601     0.00009272044916
5.05759885239555     0.00013689162593
5.05780767726933     0.00000000065737
5.05855677401273     0.01560268229980
5.05884686833115     0.01777695150078
5.05899260603936     0.00000001849011
5.06031595902845     0.00000637970419
5.06098394514009     0.00000000008077
5.06151643430694     0.01643375144279
5.06197733889972     0.00338218207429
5.06234242406220     0.00000000081503
5.06279885684975     0.00000000145343
5.06394980915572     0.00018399899155
5.06537192330795     0.00499360129044
5.06591385752393     0.00000000026381
5.06663516135321     0.00302691886092
5.06696681793623     0.00000000134086
5.06831088749735     0.00000000000177
5.06960284046698     0.00000022783446
5.07091186890089     0.00000000114285
5.07095317742531     0.00024443655893
5.07222752385979     0.00023144703934
5.07232613843127     0.00000000071606
5.07408665076197     0.00000000000970
5.07903209563732     0.00015059432875
5.08024788349208     0.00000000002042
5.08134793890447     0.00000000101498
5.08158703982103     0.00477120207701
5.08265749542335     0.00000000022464
5.08321357562510     0.00102304464946
5.08884886487789     0.00000000000019
5.08985766231016     0.00000129681054
5.09940127277417     0.00000000000002
5.10153778249408     0.00012340838834
5.15373974151078     0.00000000000000
5.15402809331744     0.00000666044081
5.15431365607854     0.00000185663060
5.15434401894666     0.00000000001597
5.15434649750614     0.00000008477980
5.15439283616750     0.00000000001674
5.15452056593124     0.00000574690975
5.15452848240237     0.00000000056544
5.15457359415385     0.00000000020607
5.15469267219063     0.00000015320197
5.15472361789232     0.00000000060748
5.15473402029730     0.00000213954640
5.15482364833334     0.00000000450856
5.15487390225738     0.00000000000077
5.15489200778561     0.00000000000247
5.15492647532511     0.00000000987548
5.15496593137838     0.00000000000206
5.15503723738713     0.00000000003261
5.15504707611185     0.00000046898057
5.15512203746061     0.00000000000272
5.15520733553721     0.00000000000000
5.15523509227446     0.00000000304362
5.15526369399031     0.00000074767493
5.15538068070587     0.00000034451376
5.15539410825532     0.00000000022095
5.15542466745322     0.00000079137754
5.15554249514823     0.00000000018822
5.15556961173581     0.00000219106924
5.15557935591173     0.00000000039971
5.15567509393461     0.00000000000074
5.15574226758421     0.00000290613557
5.15580331617932     0.00000082880764
5.15582792952053     0.00000000001263
5.15587478950561     0.00000000000191
5.15592554976046     0.00000061810052
5.15595651561199     0.00000000138880
5.15599084943956     0.00000000000067
5.15602906514278     0.00000010668917
5.15609687410182     0.00000000000002
5.15616698924971     0.00000001492928
5.15617289863271     0.00000000001771
5.15621796641789     0.00000001361187
5.15622291662953     0.00000000000079
5.15634174119209     0.00000000000256
5.15650970438268     0.00000000000181
5.15653530691498     0.00000024126282
5.15660807668611     0.00000137261991
5.15662370973613     0.00000000001787
5.15666631416753     0.00000015592102
5.15677778034182     0.00000000891677
5.15681682746871     0.00000000000492
5.15686913600723     0.00000000002216
5.15691891867483     0.00000112634255
5.15699806834823     0.00000000000001
5.15702811378470     0.00000012538579
5.15705160330166     0.00000000011405
5.15707502455365     0.00000080127051
5.15715930887631     0.00000000000101
5.15722721468210     0.00000104854946
5.15726729245855     0.00000000000753
5.15735282321121     0.00000003034138
5.15746069160699     0.00000000184158
5.15747591568976     0.00000674052130
5.15768462598706     0.00000000000148
5.15771706782511     0.00000006454656
5.15784451198599     0.00000000000170
5.15786135414592     0.00000000001219
5.15795466874770     0.00000049848979
5.15797306652339     0.00000000003594
5.15801323585050     0.00001216213141
5.15816926760943     0.00000000000541
5.15817924893856     0.00000109940046
5.15824184872697     0.00000000001141
5.15828839249700     0.00000000001440
5.15836209312861     0.00000000000287
5.15840163246799     0.00000454730085
5.15841374873499     0.00000000052923
5.15847931940325     0.00000043231524
5.15860602329932     0.00000000000189
5.15865587285613     0.00000020524205
5.15873754539616     0.00000110835251
5.15883180530934     0.00000099132353
5.15884956727823     0.00000000011330
5.15887753619706     0.00001215492688
5.15888022344689     0.00000000958244
5.15910583219524     0.00000000063140
5.15910996967907     0.00001772777754
5.15925658973695     0.00000467695153
5.15926380557771     0.00000000073798
5.15927685897226     0.00000004387143
5.15940407583755     0.00000426820991
5.15947839557119     0.00000139349506
5.15954271091972     0.00000000000001
5.15963374873395     0.00000218795134
5.15970142543756     0.00000000004702
5.15972534719119     0.00000741514049
5.15983274423598     0.00000994335341
5.15994563941597     0.00000000003041
5.16001235811515     0.00000000000227
5.16005293181305     0.00000033446633
5.16010319669763     0.00000000009097
5.16023100144452     0.00000000092036
5.16024413037039     0.00001665934541
5.16045887204921     0.00001186413954
5.16057319790909     0.00000000000409
5.16071272142917     0.00000000303268
5.16072749826918     0.00002250675517
5.16094556003533     0.00000000000110
5.16097899480872     0.00000000001084
5.16113206867614     0.00000157107528
5.16115356214507     0.00000000024560
5.16119625336724     0.00001199040076
5.16141728185817     0.00000000313448
5.16143739952877     0.00004040044188
5.16160271015070     0.00000047237591
5.16167277721248     0.00000000005009
5.16182464205966     0.00000000001807
5.16184669597916     0.00000022485378
5.16195252437621     0.00000491286003
5.16203584885877     0.00000989648297
5.16204235129093     0.00000000018515
5.16236253926486     0.00000000001180
5.16245690510809     0.00000000000460
5.16246739269195     0.00000010940637
5.16258083831045     0.00001527551834
5.16284554205848     0.00000000000088
5.16287840980214     0.00000101205722
5.16292722126948     0.00000000000025
5.16301631815939     0.00000262603052
5.16304088282692     0.00000000000841
5.16321387680116     0.00000000000297
5.16322243212747     0.00000011917681
5.16349265628431     0.00000143511634
5.16393338499138     0.00000171738750
5.16410754665213     0.00000000000021
5.16421809699962     0.00000229908675
5.16445746534771     0.00000005806202
5.16451037073025     0.00000000000293
5.16474732897654     0.00000000000068
5.16492157492306     0.00000027603534
5.16495301873424     0.00000000000347
5.16517154466118     0.00000000000005
5.16521875619613     0.00000000022503
5.16531074338930     0.00011157345622
5.16545779845127     0.00001001413246
5.16553366958206     0.00000000005186
5.16558362047151     0.00004445224414
5.16561007945540     0.00000000051944
5.16567389167855     0.00001386907880
5.16592728126169     0.00000000001042
5.16659704190489     0.00000000001416
5.16665483668986     0.00006518549277
5.16689110936845     0.00000258767117
5.16696325884984     0.00000000000661
5.16703010093604     0.00000000000139
5.16721528659639     0.00000009496194
5.16742893300111     0.00000000000299
5.16758447300701     0.00000032177671
5.16783337379594     0.00000000000171
5.16821398182025     0.00000002830236
5.16851132165422     0.00000626838163
5.16890823077670     0.00000260369601
5.16967367599457     0.00000000000008
5.16967969872460     0.00000000216568
5.16987994009474     0.00004881498834
5.16999703719600     0.00000000001983
5.17096832304314     0.00000000000014
5.17157310070972     0.00000000000004
5.17160693860128     0.00000000000000
5.17171687168097     0.00000005614908
5.17211693858981     0.00000000000026
5.17261612285459     0.00001101394228
5.17275548956259     0.00000000000777
5.17330960759550     0.00000000000128
5.17364218987444     0.00000726532156
5.17422429245953     0.00000000008578
5.17461563448956     0.00073162300846
5.17561964747483     0.00000000000368
5.17592525526396     0.00000038743637
5.17639987298301     0.00006260845880
5.17682226555273     0.00000000001415
5.17720503878542     0.00000600614840
5.17752064041187     0.00012791133535
5.17811542366960     0.00000000002426
5.17812973275177     0.00003327672681
5.17971641516394     0.00000337036567
5.18133054776565     0.00000000000383
5.18147279700708     0.00000005400561
5.18156294868758     0.00000000000100
5.18228863879517     0.00000000003610
5.18558217910475     0.00390884556114
5.18599238969255     0.00014892153481
5.18786980920575     0.00000000000637
5.18836470071266     0.00000000000001
5.18946732037192     0.00000000000009
5.18965247422920     0.00000318929275
5.18975172267045     0.00042494149457
5.19027902654281     0.00000000000004
5.19166470344228     0.00434352410309
5.19663091162696     0.00000000000000
5.19977891009933     0.00000001476345
5.20059038343971     0.00000243714244
5.20075152699828     0.00000000000000
5.53987650495966     0.00000001191265
5.53987912398672     0.00000000944140
5.57559566642222     0.00000001000959
5.57559826253198     0.00000000679987
5.57677028317549     0.00000000986832
5.57677284163540     0.00000000784803
5.57853280609195     0.00000000924904
5.57853533294440     0.00000000949311
5.58624030892477     0.00000000731796
5.58624508075998     0.00000000766511
5.59884222097863     0.00000000617580
5.59884482740498     0.00000000472635
5.60052244716564     0.00000000570342
5.60052498722083     0.00000000597277
5.60473499486419     0.00000000592011
5.60473756005764     0.00000000516150
5.60627153685611     0.00000000605382
5.60627866847192     0.00000000619919
5.61041962614754     0.00000000889369
5.61042173241161     0.00000001109356
5.61256953565095     0.00000000534039
5.61257668347164     0.00000000557685
5.61621244458351     0.00000000619984
5.61621359812372     0.00000000439255
5.61668229958069     0.00000000543804
5.61668342453950     0.00000000679029
5.61725513137097     0.00000000487704
5.61726229902222     0.00000000540189
5.61819973941963     0.00000000781244
5.61820105544705     0.00000000226574
5.62088960801189     0.00000000523082
5.62089231223148     0.00000000522183
5.62238601792930     0.00000000519721
5.62238861871482     0.00000000486567
5.62379748678918     0.00000000353524
5.62380005726701     0.00000000382864
5.62567489685689     0.00000000570574
5.62568202253155     0.00000000663575
5.62605114497649     0.00000000479468
5.62605366714561     0.00000000594950
5.62720022959627     0.00000000587210
5.62720283595822     0.00000000371561
5.62747250100042     0.00000000520578
5.62747514427375     0.00000000549049
5.62793046826002     0.00000000552914
5.62793301866287     0.00000000456689
5.62876988330211     0.00000000709322
5.62877198293768     0.00000000775956
5.62946157613099     0.00000000485747
5.62946432280100     0.00000000573192
5.62991401983735     0.00000000463354
5.62991660091005     0.00000000461360
5.63028094308262     0.00000000477750
5.63028346236328     0.00000000545427
5.63034052236967     0.00000000826226
5.63034197274585     0.00000000166930
5.63197213757907     0.00000000488803
5.63197465905139     0.00000000437282
5.63311443485858     0.00000000449839
5.63311696119268     0.00000000509983
5.63386522038745     0.00000000518977
5.63386629137948     0.00000000463759
5.63664358872628     0.00000000464350
5.63664616973681     0.00000000523610
5.63824790349695     0.00000000734898
5.63824851702991     0.00000000214153
5.63878946016047     0.00000000686451
5.63879205293933     0.00000000616463
5.63951183733619     0.00000000408858
5.63951444382632     0.00000000509306
5.63997137656478     0.00000000529593
5.63997845721713     0.00000000401228
5.63998288518571     0.00000000959924
5.63999135228952     0.00000000825606
5.64166388774039     0.00000000687855
5.64166599490235     0.00000000581874
5.64414227885581     0.00000000444781
5.64415064477968     0.00000000440470
5.64655372054214     0.00000000836914
5.64655681441742     0.00000000904277
5.64717702222771     0.00000000253604
5.64718340750279     0.00000000263356
5.65082859141938     0.00000000594037
5.65083558026311     0.00000000623363
5.65124490109631     0.00000000599529
5.65125187032668     0.00000000607423
5.65152941041976     0.00000000561529
5.65153147163285     0.00000000739283
5.65201217725293     0.00000000589784
5.65201913786959     0.00000000582889
5.65254196935306     0.00000000462217
5.65255032846472     0.00000000426983
5.65292582237577     0.00000000577199
5.65293281651753     0.00000000576130
5.65466391632901     0.00000000722497
5.65466651768101     0.00000000445240
5.65472095173190     0.00000000608146
5.65472784804649     0.00000000610570
5.65479861526916     0.00000000447836
5.65480039733991     0.00000000484083
5.65560435541994     0.00000000090121
5.65561014157080     0.00000000086272
5.65575743171905     0.00000000211064
5.65575842925352     0.00000000147269
5.65666275992952     0.00000001134751
5.65666597958055     0.00000001263337
5.65675498781736     0.00000000472113
5.65676319207188     0.00000000466053
5.65695241394405     0.00000000376533
5.65695424538466     0.00000000415511
5.65755832308399     0.00000000193509
5.65756531424737     0.00000000195159
5.65914080290572     0.00000000475641
5.65914339753050     0.00000000523096
5.65935714757514     0.00000000239425
5.65935816684061     0.00000000253039
5.65949684007698     0.00000000492296
5.65949753131056     0.00000000880383
5.65968867389783     0.00000000549597
5.65969567865738     0.00000000509240
5.66011159653559     0.00000000308010
5.66011349323293     0.00000000466833
5.66013826835217     0.00000000273638
5.66014113397583     0.00000000276979
5.66077586649999     0.00000000484089
5.66077761591898     0.00000000056479
5.66083443273509     0.00000000621040
5.66084267947128     0.00000000577602
5.66108506054067     0.00000000569639
5.66108603065519     0.00000000371588
5.66211645874889     0.00000000669899
5.66211852383416     0.00000000724012
5.66292063875770     0.00000000482073
5.66292270664009     0.00000000673674
5.66299255102946     0.00000001062555
5.66299385340584     0.00000000079492
5.66341686796631     0.00000000328967
5.66341977515588     0.00000000304669
5.66380080693022     0.00000000404641
5.66380348346517     0.00000000449656
5.66408299861259     0.00000000715897
5.66408562982398     0.00000000382764
5.66444987402375     0.00000000199129
5.66445287369837     0.00000000165068
5.66451433057134     0.00000000201077
5.66451620045557     0.00000000283006
5.66507868987573     0.00000000715404
5.66508694530795     0.00000000745072
5.66528862206923     0.00000000396796
5.66529118207119     0.00000000494710
5.66542549537411     0.00000000506106
5.66542807622642     0.00000000507462
5.66555115337733     0.00000000005823
5.66556006477893     0.00000000495954
5.66568009701544     0.00000000743989
5.66568708861194     0.00000000822224
5.66657245570999     0.00000000266474
5.66657319479661     0.00000000729074
5.66663884549409     0.00000000483088
5.66664092100599     0.00000000696082
5.66686028858057     0.00000000100846
5.66686728146195     0.00000000101753
5.66692668518404     0.00000000140265
5.66692769885647     0.00000000227053
5.66701134689116     0.00000000501546
5.66701376305017     0.00000000581685
5.66738887120144     0.00000000305932
5.66738998640119     0.00000000158724
5.66782012444262     0.00000000631162
5.66782709614531     0.00000000664699
5.66857612963165     0.00000000245162
5.66858318742186     0.00000000247855
5.66878211260266     0.00000000524296
5.66878425392937     0.00000000431149
5.66920230254022     0.00000000224172
5.66920674022892     0.00000000212498
5.66926481428928     0.00000000445275
5.66926550288719     0.00000000681206
5.66977926855731     0.00000000251277
5.66978240200337     0.00000000154576
5.66992231197023     0.00000000618971
5.66992899055528     0.00000000775966
5.66993453121856     0.00000000339939
5.66993685277482     0.00000000236182
5.67013451861883     0.00000000385589
5.67014294428523     0.00000000389466
5.67029500220248     0.00000000245505
5.67029759808520     0.00000000155781
5.67040313122093     0.00000000001276
5.67040872137692     0.00000000001287
5.67050908112150     0.00000000196879
5.67051157018071     0.00000000215507
5.67090364469723     0.00000000492830
