# Absorption spectrum
# exc. energy / eV    osc. strength
4.94777179252462     0.00000103902004
4.94895381086480     0.00000000000000
4.95024006568418     0.00000000000073
4.95040995206804     0.00000092004496
4.95205396962732     0.00000002897298
4.95206532312791     0.00001245855016
4.95258716790301     0.00001891956957
4.95298142244469     0.00000000001560
4.95336586881817     0.00000000014033
4.95368459566140     0.00001308457717
4.95411121822536     0.00006632162188
4.95438946318018     0.00000000000727
4.95518587647958     0.00000770754660
4.95685230295448     0.00000000004553
4.95758099068383     0.00000000004035
4.95784452462881     0.00008525625339
4.95809631160290     0.00000000019916
4.95870504736343     0.00000354231190
4.95965207465722     0.00000634112476
4.96052195041742     0.00001076806116
4.96172898020026     0.00003703276470
4.96185836695975     0.00000000048488
4.96242041549973     0.00000000003151
4.96367873720215     0.00001372204845
4.96471518621900     0.00000000000757
4.96587218420926     0.00000000000280
4.96628282911956     0.00011425896266
4.96746183644130     0.00000000003717
4.96833969623648     0.00000458135994
4.96938514657471     0.00000000000321
4.96950014304749     0.00008735114842
4.97145973499029     0.00000000011305
4.97178630718106     0.00004209241118
4.97220361795791     0.00000000006918
4.97451232536465     0.00005546218320
4.97531537178426     0.00000000001018
4.97599730064921     0.00000000016870
4.97645203183717     0.00012550406191
4.97786244730489     0.00000000013176
4.97797948962782     0.00003444671812
4.97837183397184     0.00000896655485
4.97847464743238     0.00000000000541
4.97939644677909     0.00000000158236
4.97945229435583     0.00271718221441
4.97987064554918     0.00000000022416
4.98041665779127     0.00000383919800
4.98083237118654     0.00012958117942
4.98202782997070     0.00000000001322
4.98279432525777     0.00004419553130
4.98340644622946     0.00000537109232
4.98397658024388     0.00000000000314
4.98508591066423     0.00000000000237
4.98569989378947     0.00000828246168
4.98620238274270     0.00000000000122
4.98655998008005     0.00000289120223
4.98745158643107     0.00000000002417
4.98799458684671     0.00001615498226
4.98803439089790     0.00000000030677
4.98921763630983     0.00000000004653
4.98970416056349     0.00002804263659
4.99022175441342     0.00000000000026
4.99077511007158     0.00001058738148
4.99232767304732     0.00000000000717
4.99242933723587     0.00000703437594
4.99304917154108     0.00000456717792
4.99394739732893     0.00000000000061
4.99426055678349     0.00000000004705
4.99476433155941     0.00000002374286
4.99505613107067     0.00000000193013
4.99521385733872     0.00013666408554
4.99578441396655     0.00003786054236
4.99617036735930     0.00000000000080
4.99687460420483     0.00026393725837
4.99770014736467     0.00000000026295
4.99826916333767     0.00000000054787
4.99901253058799     0.00009837708651
4.99950944372481     0.00022257673776
5.00025435585039     0.00000000020480
5.00078782121099     0.00030013539540
5.00154564589949     0.00000000023314
5.00234425969986     0.00004523297598
5.00399725847322     0.00011951885791
5.00551183677551     0.00000000000713
5.00779400055801     0.00000000000110
5.00954410679543     0.00000000000118
5.01039553482192     0.00000100053614
5.01041924965646     0.00000000004197
5.01063623651934     0.00000301560453
5.01119482660947     0.00000000006385
5.01119879273162     0.00000103709245
5.01181198863563     0.00000031180823
5.01291812313393     0.00000164375828
5.01328300306223     0.00000000000005
5.01412094881524     0.00000838740929
5.01422025514028     0.00000000000621
5.01472207799774     0.00000000001834
5.01482395703549     0.00000086572083
5.01581816238767     0.00000000000327
5.01603130557312     0.00007041449233
5.01678361949768     0.00000000008399
5.01708673960007     0.00006647951969
5.01768232852756     0.00000000001659
5.01822559920581     0.00001038332857
5.01877281695275     0.00000000000053
5.02029185658368     0.00011382373381
5.02066184079596     0.00004514872542
5.02086300308780     0.00000000158468
5.02360096682448     0.00000000000997
5.02414561317783     0.00000470601968
5.02450049538218     0.00000022730132
5.02463208456140     0.00000000000591
5.02643686272307     0.00000000000675
5.02697800120590     0.00000138539438
5.02844590518362     0.00000000000197
5.02911956427578     0.00000001583328
5.02933628020461     0.00000000000019
5.03057880499155     0.00000093118531
5.03164153528702     0.00000000000106
5.03192505430114     0.00000254539233
5.03312019776733     0.00000000000838
5.03330035424886     0.00000053776132
5.03405182252357     0.00000000000067
5.03418873527004     0.00000000619938
5.03452947729786     0.00000273221017
5.03532866836028     0.00000000000008
5.03589621775148     0.00000000000002
5.03681510167862     0.00000000000030
5.03709673026483     0.00000035950070
5.03741940910935     0.00000000000031
5.03779695091112     0.00000020075772
5.03868665481411     0.00000000000131
5.03876534317398     0.00000032026635
5.03929933096106     0.00000000000040
5.03977569211364     0.00000145805591
5.03996390899837     0.00000000001143
5.04071860737580     0.00000000000026
5.04123578414477     0.00000058305036
5.04170688464336     0.00000448629957
5.04218240190749     0.00000512108613
5.04335132211838     0.00000000000274
5.04369978931059     0.00001291778944
5.04482193744022     0.00000593788436
5.04487208198350     0.00000000015118
5.04519312791946     0.00000002625806
5.04656529337418     0.00000000000167
5.04709144499745     0.00000000000015
5.04729830310756     0.00000056499119
5.04801056641086     0.00000000000021
5.04843202737556     0.00000038968634
5.04882378303563     0.00000000863530
5.04886925966037     0.00000000000053
5.04909399821841     0.00000000000008
5.04940617290115     0.00000000000000
5.04972168056231     0.00000004126125
5.04979529268561     0.00000000000089
5.05079691573170     0.00000000052840
5.05079999816715     0.00000007517796
5.05139338917434     0.00000000813480
5.05196188965285     0.00000000470223
5.05245020225138     0.00000000000025
5.05331768162570     0.00000010732290
5.05367856129377     0.00000000000083
5.05375104264293     0.00000084102607
5.05455142301521     0.00000000492826
5.05481485228542     0.00000000000395
5.05503472797097     0.00000066938715
5.05521165708566     0.00000000000022
5.05576756675217     0.00000006912521
5.05603372246692     0.00000000000002
5.05670346740856     0.00000000000004
5.05679165196881     0.00000007231095
5.05760267977751     0.00000000541264
5.05780767728458     0.00000000000004
5.05868738196178     0.00000009348400
5.05899260591595     0.00000000000000
5.06031243116032     0.00000034031033
5.06047093979264     0.00000149895403
5.06098394514356     0.00000000000007
5.06190844434722     0.00000030007796
5.06234242403980     0.00000000000000
5.06279885678554     0.00000000000001
5.06393000587954     0.00000041265030
5.06488090919032     0.00000035010985
5.06591385750384     0.00000000000032
5.06640445222460     0.00000109160785
5.06696681786932     0.00000000000008
5.06831088749713     0.00000000000001
5.06960247264554     0.00000005630783
5.07091186362741     0.00000000076621
5.07091332531131     0.00000020317036
5.07218146163089     0.00000099136191
5.07232613833130     0.00000000000169
5.07408665075974     0.00000000000003
5.07894798300943     0.00000062796376
5.08020303825534     0.00000057502906
5.08024788364469     0.00000000000193
5.08134793896418     0.00000000000002
5.08265749538521     0.00000000000004
5.08305516361596     0.00000015547502
5.08884886487782     0.00000000000000
5.08985720240496     0.00000001108729
5.09940127277418     0.00000000000000
5.10135807228465     0.00002466046680
5.15373974151074     0.00000000000002
5.15401695254470     0.00000016888144
5.15430988410006     0.00000028152069
5.15434401877812     0.00000000006224
5.15434586097775     0.00000017338447
5.15439283613443     0.00000000000217
5.15451130701201     0.00000011375177
5.15452848198491     0.00000000000124
5.15457359387033     0.00000000000192
5.15468750108820     0.00000177249802
5.15472361657784     0.00000000000010
5.15473080244756     0.00000000102786
5.15482363694311     0.00000000171176
5.15487390221047     0.00000000001791
5.15489200777041     0.00000000000472
5.15492211456711     0.00000159980782
5.15496550016880     0.00000014397797
5.15503723732847     0.00000000000109
5.15504617137029     0.00000005986333
5.15512203743990     0.00000000000645
5.15520733513642     0.00000000020315
5.15522914680711     0.00000241943097
5.15526243928827     0.00000001124911
5.15536795081826     0.00000511873244
5.15539410202241     0.00000000160574
5.15541484575692     0.00000231337008
5.15554249464254     0.00000000005350
5.15556455336283     0.00000049539071
5.15557935529305     0.00000000004289
5.15567509390350     0.00000000001162
5.15573512558598     0.00000096055469
5.15580023902914     0.00000075355788
5.15582792943413     0.00000000002790
5.15587478926436     0.00000000012317
5.15591669674551     0.00000415080955
5.15594971978603     0.00000256171585
5.15599084801794     0.00000000090815
5.15600712238313     0.00000647499323
5.15609687409976     0.00000000000055
5.15616473938554     0.00000071474055
5.15617289855489     0.00000000001154
5.15621601696187     0.00000061275137
5.15622291656561     0.00000000001454
5.15634174118150     0.00000000000227
5.15650970395965     0.00000000023062
5.15652905321558     0.00000254607161
5.15659985164670     0.00000240616530
5.15662370959463     0.00000000003995
5.15665898897950     0.00000258950545
5.15676834700892     0.00000343507223
5.15681682745972     0.00000000000002
5.15686913595792     0.00000000000286
5.15691615982582     0.00000027784673
5.15699806834664     0.00000000000068
5.15702764734865     0.00000010426608
5.15705160307094     0.00000000000465
5.15707273113391     0.00000038211997
5.15715930886608     0.00000000000469
5.15721319385966     0.00000587651254
5.15726729244409     0.00000000000022
5.15734731618391     0.00000263525273
5.15746067079500     0.00000000001898
5.15746322483845     0.00000000007485
5.15768462598314     0.00000000000115
5.15771175011137     0.00000510578516
5.15784451188188     0.00000000029693
5.15786135336510     0.00000000370164
5.15788322676257     0.00009713122694
5.15795385074109     0.00000054645762
5.15797306637937     0.00000000000217
5.15804223269265     0.00002940799859
5.15816926760306     0.00000000000023
5.15824184870578     0.00000000000001
5.15828839221767     0.00000000232987
5.15829141110557     0.00002808887147
5.15836209312157     0.00000000000003
5.15841374572446     0.00000000103791
5.15842681562135     0.00000750236387
5.15851166293357     0.00000864011161
5.15860602363061     0.00000000004508
5.15865715768474     0.00000011866023
5.15882233298843     0.00000030590300
5.15884765718451     0.00000027258849
5.15884956931445     0.00000000034083
5.15888022143217     0.00000000000542
5.15906175932293     0.00000196455697
5.15910583235373     0.00000000000091
5.15923253619236     0.00000416161493
5.15925650731396     0.00000093892083
5.15926380520190     0.00000000002798
5.15939460622993     0.00000023623841
5.15947584313598     0.00000001915358
5.15954271090681     0.00000000000348
5.15959133545114     0.00000610530365
5.15970142445121     0.00000000011209
5.15970800063140     0.00000023414061
5.15981567712187     0.00000004211638
5.15994563931202     0.00000000001223
5.16001235809313     0.00000000000969
5.16002657357935     0.00000518152189
5.16010319647147     0.00000000000147
5.16018883343078     0.00000361922515
5.16023100249101     0.00000000001031
5.16040508709057     0.00000528040965
5.16057319789491     0.00000000000096
5.16068413354847     0.00000063526074
5.16071272447932     0.00000000001210
5.16094556002402     0.00000000000192
5.16097899478751     0.00000000000002
5.16112569902577     0.00000028922966
5.16115356112079     0.00000000001219
5.16117159625460     0.00000000174040
5.16136347366989     0.00000248808808
5.16141728392014     0.00000000003867
5.16157336984280     0.00000681421544
5.16167277713422     0.00000000000124
5.16182464202695     0.00000000000004
5.16184626040648     0.00000000627872
5.16192610767772     0.00000461417541
5.16200945474772     0.00000239027166
5.16204235115315     0.00000000000793
5.16236253924224     0.00000000000007
5.16239692708849     0.00002268735743
5.16245690510984     0.00000000000100
5.16250221320863     0.00000396076829
5.16281969930936     0.00000845772119
5.16284554239114     0.00000000006167
5.16292722126816     0.00000000000007
5.16300873436464     0.00000032898546
5.16304088277788     0.00000000000431
5.16321387678712     0.00000000000276
5.16321767709883     0.00000071086347
5.16348952355172     0.00000001012144
5.16392367378620     0.00000113386783
5.16410754664561     0.00000000000132
5.16420865247194     0.00000072482565
5.16442375918253     0.00000683680890
5.16451037052221     0.00000000002524
5.16474732897304     0.00000000000001
5.16491696934335     0.00000022645313
5.16495301864365     0.00000000000469
5.16498632435994     0.00000066634581
5.16517154465993     0.00000000000028
5.16521875642694     0.00000000000047
5.16544589828745     0.00000005904386
5.16553143861357     0.00000102727375
5.16553367101839     0.00000000056162
5.16561007920861     0.00000000000461
5.16566307273744     0.00000006726286
5.16592728124551     0.00000000000052
5.16653898639837     0.00000067359209
5.16659704189898     0.00000000001223
5.16675110981628     0.00002978585988
5.16696325850544     0.00000000002652
5.16703010093045     0.00000000000041
5.16721504496906     0.00000001357744
5.16742893298762     0.00000000000157
5.16756773350370     0.00000298204998
5.16783337378804     0.00000000000078
5.16821355145536     0.00000007265290
5.16849470344035     0.00000010565406
5.16889742473652     0.00000075983643
5.16967199676620     0.00000178998060
5.16967367738833     0.00000000116355
5.16972698067570     0.00000068718089
5.16999703716834     0.00000000000000
5.17096832304255     0.00000000000000
5.17157310070903     0.00000000000010
5.17160693859845     0.00000000000067
5.17171301789233     0.00000079726540
5.17211693858333     0.00000000000015
5.17227448940113     0.00000241933964
5.17275143482860     0.00000019288727
5.17275549177223     0.00000000010289
5.17330960759985     0.00000000000001
5.17365667079697     0.00000001678120
5.17422429251061     0.00000000000026
5.17561964746999     0.00000000000000
5.17592448090678     0.00000000089118
5.17626545355879     0.00000006912418
5.17682226551272     0.00000000000011
5.17713409555134     0.00000009877944
5.17725815770287     0.00000000007586
5.17805978403829     0.00000000041322
5.17811542368247     0.00000000000000
5.17956855132211     0.00001270030550
5.17983352963448     0.00000492791083
5.18133054777494     0.00000000000004
5.18147169595627     0.00000030132980
5.18156294868962     0.00000000000000
5.18228863884237     0.00000000000000
5.18590169741698     0.00001942606975
5.18786980920069     0.00000000000000
5.18836470071254     0.00000000000001
5.18891262917184     0.00000005958527
5.18946732037194     0.00000000000000
5.18965295749882     0.00000005361999
5.19013927856426     0.00000001778871
5.19027902654287     0.00000000000000
5.19663091162692     0.00000000000000
5.19977889896205     0.00000000058039
5.20058882506693     0.00000000000000
5.20075152699822     0.00000000000000
5.53987568977885     0.00000236788464
5.53987870925746     0.00000077329626
5.57559191604289     0.00004781093993
5.57559751873237     0.00000276895551
5.57676597351672     0.00006139841323
5.57677198975915     0.00000301754698
5.57852731046509     0.00009505460684
5.57853428953220     0.00000333971808
5.58617670854484     0.00944483082418
5.58624271903645     0.00001334090581
5.58707933220053     0.12012167974918
5.59884337916499     0.00000333284295
5.59884893702108     0.00005481550646
5.60052344573991     0.00000217075428
5.60053034243417     0.00005959496166
5.60473596342502     0.00000257134833
5.60474043913860     0.00002605630205
5.60627261985098     0.00000592143258
5.60628026893354     0.00001262778523
5.61042037603353     0.00000095460390
5.61042641049613     0.00002977904223
5.61257054037711     0.00000422420160
5.61257815537799     0.00000867969811
5.61621291227762     0.00000083415801
5.61621467629492     0.00000625669557
5.61668267253151     0.00000049083228
5.61668525410044     0.00000945816652
5.61725600326250     0.00000320138593
5.61726359727676     0.00000640788565
5.61820052957612     0.00000116845767
5.61820207173620     0.00000666513288
5.62089013236201     0.00000150523889
5.62089316667800     0.00000400388112
5.62238662964368     0.00000151913779
5.62238967011699     0.00000479402109
5.62379803471710     0.00000130307478
5.62380112439368     0.00000456394885
5.62567575128250     0.00000243680157
5.62568336369489     0.00000516236689
5.62605173036405     0.00000113473039
5.62605518049478     0.00000611128674
5.62720086375915     0.00000160303797
5.62720350161174     0.00000279131320
5.62747298216871     0.00000119757472
5.62747594845536     0.00000321835289
5.62793101488535     0.00000134139359
5.62793376007905     0.00000298985594
5.62877050360929     0.00000090901070
5.62877376205544     0.00000683513569
5.62946210601907     0.00000114171199
5.62946540188896     0.00000401222021
5.62991453576681     0.00000117098190
5.62991745537535     0.00000322575871
5.63028147863523     0.00000105244931
5.63028458417469     0.00000403600442
5.63034136183691     0.00000144798266
5.63034252953351     0.00000315363415
5.63197266717572     0.00000116122501
5.63197544587752     0.00000286539391
5.63311488732266     0.00000095496877
5.63311779090672     0.00000283537219
5.63386557810047     0.00000047736355
5.63386716108041     0.00000315769973
5.63664401009940     0.00000085414331
5.63664689447777     0.00000226130891
5.63824834569531     0.00000009654221
5.63825039801750     0.00000597714164
5.63879013308765     0.00000109755692
5.63879324409151     0.00000382923908
5.63951224533958     0.00000079292676
5.63951522742518     0.00000234764778
5.63997169707815     0.00000072091884
5.63997865572626     0.00000041336518
5.63998398243545     0.00000259766173
5.63999260333189     0.00000376137844
5.64166447402482     0.00000087976272
5.64166701435080     0.00000314469438
5.64414278255695     0.00000114024232
5.64415121144120     0.00000145715560
5.64655378505632     0.00000021568200
5.64655688970357     0.00000026033558
5.64717810879533     0.00000181937560
5.64718511202564     0.00000435734661
5.65082933557987     0.00000137649837
5.65083657923290     0.00000236248723
5.65124549206699     0.00000113744087
5.65125259197240     0.00000167441447
5.65152985706787     0.00000055093831
5.65153265217057     0.00000292348750
5.65201281054652     0.00000120119305
5.65201990040127     0.00000176790190
5.65254230936183     0.00000073449999
5.65255066915464     0.00000079815743
5.65292656037384     0.00000134646886
5.65293374988939     0.00000215724321
5.65466457212738     0.00000099093263
5.65466719894922     0.00000173604755
5.65472137873970     0.00000082624726
5.65472833428717     0.00000106903638
5.65479889316379     0.00000055882523
5.65480084056783     0.00000132516734
5.65560445999051     0.00000020699380
5.65561024531574     0.00000021284811
5.65575764375160     0.00000041027512
5.65575866082191     0.00000070070740
5.65666356568033     0.00000088495685
5.65666788166894     0.00000443052132
5.65675556903377     0.00000109300448
5.65676385670172     0.00000145024255
5.65695256321562     0.00000049503348
5.65695443453367     0.00000078796022
5.65755845162233     0.00000038981184
5.65756544928007     0.00000042327824
5.65914115387886     0.00000058967172
5.65914393650520     0.00000126512288
5.65935738213664     0.00000026391902
5.65935863798434     0.00000100676731
5.65949701781961     0.00000010907918
5.65949865662007     0.00000244242546
5.65968933738625     0.00000117148236
5.65969643041336     0.00000162280060
5.66011180012483     0.00000037604125
5.66011391307284     0.00000106383124
5.66013843187831     0.00000044155017
5.66014132183011     0.00000056959951
5.66077606461823     0.00000120317043
5.66077764407161     0.00000018446114
5.66083506713479     0.00000110918048
5.66084337220417     0.00000142127078
5.66108539563977     0.00000037379187
5.66108653976324     0.00000132287189
5.66211692789234     0.00000054371998
5.66211948332047     0.00000211115821
5.66292097532054     0.00000045028166
5.66292347753109     0.00000168985431
5.66299340734825     0.00000109434795
5.66299407181305     0.00000095134967
5.66341689432146     0.00000048932529
5.66341980135369     0.00000047024275
5.66380132378917     0.00000070464967
5.66380445326308     0.00000223160579
5.66408361839216     0.00000096444689
5.66408614876366     0.00000126449514
5.66444993045277     0.00000036528746
5.66445292182735     0.00000032465130
5.66451436666383     0.00000033160358
5.66451625480440     0.00000051378951
5.66507928606278     0.00000097425138
5.66508767292893     0.00000139376202
5.66528909077620     0.00000065039481
5.66529217543614     0.00000234138201
5.66542533076344     0.00000016806075
5.66542792973027     0.00000013226266
5.66555115974229     0.00000001051930
5.66556064663096     0.00000102280053
5.66568052543087     0.00000074435181
5.66568762918764     0.00000108110489
5.66657257891405     0.00000009790989
5.66657409105886     0.00000189016730
5.66663913990158     0.00000046107626
5.66664157097909     0.00000155350452
5.66686059948294     0.00000049524010
5.66686763330303     0.00000061486301
5.66692686281463     0.00000018755206
5.66692823118232     0.00000103896956
5.66701140595771     0.00000013235605
5.66701383359658     0.00000016800490
5.66738916561806     0.00000038774829
5.66739024157164     0.00000056104100
5.66782069046989     0.00000090025042
5.66782781149417     0.00000136529497
5.66857612804634     0.00000033172434
5.66858318345163     0.00000033757615
5.66878252176105     0.00000057420398
5.66878477026354     0.00000111136242
5.66920263077715     0.00000054953440
5.66920714579633     0.00000080184629
5.66926484302664     0.00000015693381
5.66926557386362     0.00000034365563
5.66977946280375     0.00000032596767
5.66978253450237     0.00000024812439
5.66992236370504     0.00000000003414
5.66992904155618     0.00000001269197
5.66993492044128     0.00000053894771
5.66993740286062     0.00000110290981
5.67013478482651     0.00000046630557
5.67014323105334     0.00000053602159
5.67029504712518     0.00000055664815
5.67029762801939     0.00000038019831
5.67040326589781     0.00000011842627
5.67040887486600     0.00000014127881
5.67050936031601     0.00000037044273
5.67051194389979     0.00000065326091
5.67090396251979     0.00000088473060
