# Absorption spectrum
# exc. energy / eV    osc. strength
4.93987733359649     0.02609404598834
4.94777577514248     0.00000274894119
4.94895381086490     0.00000000000020
4.95024006568636     0.00000000000056
4.95041384433786     0.00000261953739
4.95205399103677     0.00000000225042
4.95211633548997     0.00003116875372
4.95263492970538     0.00000249103032
4.95298142251560     0.00000000003881
4.95336586934343     0.00000000026852
4.95371059770167     0.00000156922048
4.95430384583803     0.00001162395999
4.95438946324308     0.00000000000984
4.95521612605705     0.00000642932726
4.95685230307476     0.00000000001287
4.95758099074173     0.00000000000032
4.95808368319776     0.00001343176303
4.95809632047493     0.00000000882671
4.95872727144948     0.00000601689000
4.95968509284708     0.00000775615151
4.96057059109377     0.00000932446100
4.96181977933683     0.00000002135380
4.96185837092538     0.00000000001211
4.96242041568082     0.00000000002779
4.96373833621618     0.00000580595235
4.96471518631176     0.00000000001087
4.96587218422055     0.00000000000042
4.96746183579086     0.00000000010960
4.96818065717159     0.00012031570677
4.96836112326817     0.00000898957927
4.96938514657736     0.00000000000000
4.97145973343244     0.00000000119054
4.97153540033779     0.00004393933571
4.97220361759625     0.00000000004655
4.97416293380146     0.00008659799483
4.97531537177924     0.00000000000273
4.97599730056778     0.00000000005364
4.97648337575765     0.00001849147190
4.97786244727389     0.00000000003261
4.97797590205681     0.00000628647481
4.97837387032682     0.00000042825822
4.97847464734778     0.00000000002796
4.97939644665120     0.00000000006564
4.97987064550994     0.00000000000148
4.98026649713462     0.00005793622149
4.98075760412189     0.00000152276056
4.98202782995579     0.00000000000000
4.98269623602582     0.00001396751135
4.98339690409199     0.00000009035264
4.98397658023641     0.00000000000018
4.98508591065510     0.00000000000003
4.98562631957499     0.00001913658894
4.98620238273057     0.00000000000278
4.98653366854171     0.00000352848457
4.98745158600525     0.00000000000006
4.98774468851619     0.00000077407341
4.98803439020413     0.00000000000811
4.98882682718586     0.00001368641513
4.98921763713128     0.00000000005422
4.99015177741006     0.00001643531588
4.99022175444079     0.00000000000001
4.99094027275502     0.00000397657326
4.99232767308056     0.00000000000001
4.99244980718342     0.00001998590957
4.99306594914288     0.00000617877333
4.99394739733004     0.00000000000092
4.99426055691130     0.00000000000280
4.99467695495610     0.00008200452840
4.99505613257986     0.00000000008427
4.99549067441097     0.00000967049602
4.99589745535689     0.00002859743576
4.99617036706752     0.00000000024777
4.99770012036571     0.00000012105042
4.99771696843408     0.00007605297549
4.99826916546225     0.00000000014559
4.99914794525557     0.00000236478054
5.00005183330148     0.00010991399581
5.00025435574158     0.00000000101050
5.00154564508256     0.00000000067075
5.00193371983601     0.00034936300959
5.00327023272708     0.00022239490609
5.00551183670585     0.00000000006805
5.00672414064685     0.00241049446853
5.00779400054692     0.00000000001819
5.00954410679469     0.00000000001595
5.01041924459377     0.00000000000659
5.01042465695894     0.00000000131285
5.01074879147067     0.00000183074706
5.01119482668760     0.00000000009828
5.01121884394206     0.00000611070204
5.01180945944155     0.00000498254151
5.01292939927827     0.00000730263452
5.01328300306128     0.00000000000112
5.01409989790968     0.00007608795680
5.01422025508283     0.00000000004446
5.01472207710096     0.00000000100923
5.01479728091065     0.00002306893537
5.01581816239180     0.00000000000259
5.01641574995787     0.00000558394455
5.01678361988405     0.00000000000427
5.01768232796533     0.00000000003063
5.01779836628463     0.00000583237652
5.01841773902928     0.00000538747022
5.01877281695958     0.00000000000105
5.02053226225329     0.00002683639452
5.02086299902560     0.00000000004228
5.02260355134042     0.00063761876076
5.02360096698790     0.00000000030326
5.02419747679371     0.00011972251834
5.02450782123332     0.00000470627365
5.02463208465657     0.00000000015148
5.02643686283165     0.00000000002768
5.02700382158570     0.00000000441779
5.02844590521088     0.00000000000373
5.02911978284575     0.00000000697750
5.02933628020139     0.00000000000788
5.03058814324129     0.00000320653551
5.03164153526335     0.00000000005672
5.03193797636681     0.00002580987267
5.03312019777467     0.00000000013767
5.03330318199988     0.00000503495332
5.03405182253025     0.00000000000014
5.03418390277701     0.00000946877239
5.03450648752999     0.00008581061528
5.03532866836058     0.00000000000087
5.03589621774834     0.00000000000586
5.03681510168104     0.00000000000067
5.03710004779415     0.00000004984024
5.03741940911212     0.00000000000015
5.03779874786324     0.00000004315062
5.03868665481695     0.00000000001712
5.03876681837814     0.00000268877156
5.03929933096178     0.00000000000560
5.03978785674591     0.00000000942896
5.03996390909915     0.00000000000006
5.04071860737756     0.00000000000067
5.04122222531830     0.00004496864173
5.04171532265935     0.00006066660712
5.04221400029171     0.00002781407993
5.04335132209628     0.00000000016141
5.04362132019920     0.00045613551054
5.04481080723137     0.00013840391899
5.04487208181913     0.00000000238396
5.04519288099135     0.00000097282156
5.04656529336392     0.00000000006168
5.04709144499692     0.00000000000477
5.04729737986461     0.00001514324064
5.04801056640804     0.00000000001405
5.04839636742724     0.00011731099708
5.04878999082988     0.00008753361669
5.04886925947389     0.00000000028908
5.04909399821414     0.00000000001212
5.04940617289898     0.00000000000600
5.04972183751158     0.00000045397255
5.04979529267395     0.00000000005333
5.05079631090486     0.00001118427540
5.05079704259675     0.00000188064532
5.05139284549690     0.00000199231567
5.05196155746815     0.00000126950076
5.05245020223918     0.00000000005064
5.05331650193163     0.00000774807172
5.05367856129555     0.00000000001780
5.05374344400602     0.00005539918837
5.05449840639407     0.00021146040729
5.05481485230323     0.00000000003239
5.05503840164507     0.00000384054308
5.05521165708724     0.00000000000014
5.05576294540921     0.00002168100717
5.05603372246684     0.00000000000092
5.05670346740775     0.00000000000506
5.05679117357334     0.00000461410839
5.05760214775441     0.00000296164811
5.05780767728287     0.00000000001043
5.05868422705776     0.00002288388042
5.05899260591069     0.00000000003351
5.06024719922453     0.00135499451735
5.06031949108555     0.00006959783947
5.06098394514311     0.00000000000422
5.06190260945140     0.00005199094429
5.06234242403526     0.00000000003333
5.06279885676183     0.00000000019900
5.06391096471959     0.00028838354526
5.06449957728484     0.00331710035585
5.06591385749264     0.00000000013891
5.06627239061414     0.00121658314479
5.06696681784088     0.00000000025374
5.06831088749689     0.00000000000445
5.06960268485162     0.00000397713314
5.07053103585040     0.01560465212539
5.07091186910068     0.00000000130714
5.07151660818836     0.01898879300715
5.07232613804655     0.00000000773541
5.07257421587537     0.01423297415403
5.07408665076864     0.00000000017213
5.07906651292787     0.00029202253991
5.08024788349534     0.00000000001954
5.08134793894841     0.00000000007118
5.08263024906709     0.00495790896355
5.08265749651055     0.00000019690831
5.08410940347852     0.01734110536167
5.08884886487797     0.00000000000096
5.08985810831220     0.00000574032993
5.09940127277419     0.00000000000004
5.10156837959696     0.00028377569168
5.15373974151078     0.00000000000000
5.15402930329868     0.00000822616967
5.15431399332613     0.00000229252744
5.15434401894957     0.00000000001988
5.15434651304680     0.00000010660943
5.15439283617054     0.00000000002069
5.15452161297868     0.00000713896194
5.15452848252106     0.00000000093245
5.15457359419209     0.00000000026553
5.15469269998887     0.00000018876362
5.15472361799950     0.00000000070777
5.15473441177307     0.00000268059036
5.15482364915930     0.00000000566284
5.15487390225753     0.00000000000096
5.15489200778607     0.00000000000308
5.15492647712548     0.00000001228333
5.15496593137875     0.00000000000256
5.15503723739301     0.00000000003969
5.15504716140838     0.00000058057517
5.15512203746110     0.00000000000336
5.15520733553721     0.00000000000000
5.15523509282383     0.00000000371108
5.15526382947734     0.00000091882407
5.15538074292681     0.00000042054755
5.15539410829533     0.00000000027119
5.15542481080710     0.00000097181175
5.15554249518184     0.00000000022458
5.15557000824723     0.00000268534149
5.15557935598710     0.00000000053190
5.15567509393474     0.00000000000090
5.15574279384793     0.00000356637076
5.15580346769669     0.00000103660088
5.15582792952285     0.00000000001589
5.15587478950596     0.00000000000237
5.15592566211644     0.00000076433312
5.15595651586505     0.00000000172585
5.15599084943968     0.00000000000083
5.15602908450271     0.00000013147350
5.15609687410182     0.00000000000003
5.15616699195028     0.00000001828207
5.15617289863591     0.00000000002171
5.15621796887798     0.00000001663928
5.15622291662967     0.00000000000097
5.15634174119255     0.00000000000311
5.15650970438301     0.00000000000218
5.15653535019112     0.00000029050706
5.15660832353225     0.00000166130888
5.15662370973940     0.00000000002230
5.15666634230525     0.00000019003051
5.15677778194285     0.00000001075825
5.15681682746960     0.00000000000592
5.15686913601119     0.00000000002647
5.15691912045720     0.00000135283549
5.15699806834823     0.00000000000001
5.15702813619013     0.00000014983348
5.15705160332198     0.00000000013546
5.15707516797698     0.00000096074678
5.15715930887649     0.00000000000120
5.15722740181496     0.00000124985346
5.15726729245989     0.00000000000902
5.15735282859333     0.00000003572917
5.15746069191179     0.00000000188805
5.15747711907724     0.00000803997614
5.15768462598733     0.00000000000177
5.15771707931999     0.00000007661042
5.15784451198629     0.00000000000197
5.15786135414808     0.00000000001413
5.15795475439541     0.00000055068467
5.15797306652949     0.00000000003875
5.15801540188233     0.00001443498287
5.15816926761038     0.00000000000629
5.15817944629292     0.00000132580182
5.15824184872901     0.00000000001366
5.15828839249955     0.00000000001703
5.15836209312911     0.00000000000327
5.15840244056566     0.00000537405690
5.15841374883569     0.00000000071691
5.15847939679626     0.00000051849915
5.15860602329965     0.00000000000220
5.15865590889187     0.00000023678270
5.15873773844112     0.00000125827301
5.15883197237647     0.00000105351295
5.15884956729694     0.00000000011564
5.15887967256356     0.00001388252680
5.15888023168390     0.00000026187708
5.15910583225898     0.00000000024080
5.15911312065255     0.00002095170325
5.15925743434168     0.00000570688878
5.15926380572836     0.00000000115097
5.15927686720518     0.00000005781891
5.15940483942696     0.00000511170455
5.15947864600693     0.00000168426510
5.15954271091972     0.00000000000001
5.15963413247142     0.00000251847052
5.15970142544546     0.00000000004974
5.15972665411653     0.00000861761420
5.15983453269679     0.00001203473520
5.15994563942144     0.00000000003693
5.16001235811555     0.00000000000268
5.16005299089965     0.00000039063634
5.16010319671357     0.00000000010440
5.16023100157737     0.00000000071768
5.16024706961006     0.00001940126962
5.16046098486284     0.00001407658820
5.16057319790982     0.00000000000484
5.16071272185635     0.00000000225189
5.16073152812722     0.00002699404213
5.16094556003552     0.00000000000132
5.16097899481065     0.00000000001285
5.16113233766264     0.00000172322712
5.16115356218685     0.00000000026615
5.16119836323620     0.00001388732153
5.16141728227431     0.00000000206748
5.16144469704757     0.00004930304778
5.16160279859199     0.00000061967074
5.16167277722171     0.00000000006361
5.16182464206290     0.00000000002175
5.16184673622247     0.00000026954750
5.16195339489487     0.00000577103759
5.16203765114590     0.00001227950835
5.16204235133752     0.00000000043888
5.16236253926696     0.00000000001404
5.16245690510890     0.00000000000531
5.16246741190268     0.00000012623935
5.16258357462802     0.00001834199286
5.16284554205864     0.00000000000105
5.16287859105482     0.00000121481228
5.16292722126953     0.00000000000030
5.16301678780534     0.00000314328205
5.16304088282845     0.00000000001044
5.16321387680169     0.00000000000351
5.16322245333091     0.00000014117972
5.16349290966458     0.00000167419792
5.16393368482139     0.00000195897533
5.16410754665216     0.00000000000023
5.16421849574688     0.00000258812193
5.16445747533192     0.00000006425209
5.16451037073076     0.00000000000322
5.16474732897665     0.00000000000072
5.16492162050819     0.00000028172791
5.16495301873481     0.00000000000351
5.16517154466119     0.00000000000004
5.16521875622784     0.00000000016727
5.16532936522615     0.00011577330449
5.16545965800719     0.00001288574721
5.16553366959060     0.00000000005258
5.16559181813659     0.00005622461818
5.16561007959116     0.00000000132793
5.16567671800555     0.00002147717526
5.16592728126363     0.00000000001345
5.16659704190699     0.00000000001181
5.16666650673301     0.00007815185684
5.16689159444924     0.00000340266307
5.16696325885107     0.00000000000857
5.16703010093630     0.00000000000176
5.16721530377671     0.00000011632255
5.16742893300164     0.00000000000359
5.16758453028195     0.00000038152696
5.16783337379623     0.00000000000200
5.16821398676423     0.00000003232113
5.16851241311251     0.00000711211464
5.16890868183512     0.00000292429125
5.16967367599458     0.00000000000008
5.16967969908305     0.00000000222040
5.16988832996015     0.00005395691775
5.16999703719967     0.00000000002534
5.17096832304316     0.00000000000015
5.17157310070974     0.00000000000004
5.17160693860127     0.00000000000000
5.17171688103024     0.00000005825914
5.17211693858985     0.00000000000026
5.17261790684260     0.00001081334118
5.17275548956386     0.00000000000773
5.17330960759569     0.00000000000116
5.17364328780239     0.00000620843527
5.17422429247056     0.00000000005311
5.17473833009876     0.00076820949221
5.17561964747551     0.00000000000478
5.17592532410702     0.00000045779084
5.17641080509550     0.00007137823636
5.17682226555519     0.00000000001589
5.17720601622685     0.00000595147147
5.17754258533779     0.00014069778648
5.17811542367262     0.00000000001414
5.17813557235359     0.00003832998189
5.17971696580991     0.00000336674472
5.18133054776623     0.00000000000336
5.18147280521368     0.00000004667014
5.18156294868774     0.00000000000086
5.18228863880039     0.00000000002842
5.18595781150799     0.00024550976846
5.18627594682409     0.00367856933833
5.18786980920706     0.00000000001019
5.18836470071266     0.00000000000001
5.18946732037194     0.00000000000005
5.18965277157568     0.00000103620219
5.18981569536921     0.00035485408679
5.19027902654282     0.00000000000003
5.19261410233957     0.00754121548612
5.19663091162696     0.00000000000000
5.19977891338271     0.00000002732829
5.20059091719144     0.00000437466702
5.20075152699828     0.00000000000001
5.53987650699314     0.00000001298634
5.53987912560060     0.00000001032106
5.57559566812609     0.00000001085156
5.57559826369076     0.00000000738812
5.57677028485550     0.00000001069495
5.57677284297305     0.00000000852551
5.57853280766595     0.00000001001881
5.57853533456210     0.00000001030920
5.58624031016948     0.00000000792375
5.58624508206436     0.00000000830850
5.59884222202842     0.00000000667453
5.59884482820896     0.00000000511530
5.60052244813609     0.00000000616143
5.60052498823791     0.00000000646253
5.60473499587024     0.00000000639258
5.60473756093542     0.00000000558162
5.60627153788198     0.00000000653813
5.60627866952267     0.00000000669902
5.61041962765605     0.00000000958551
5.61042173429630     0.00000001199508
5.61256953655236     0.00000000576294
5.61257668441247     0.00000000602121
5.61621244563642     0.00000000668024
5.61621359887087     0.00000000474770
5.61668230050112     0.00000000585475
5.61668342569106     0.00000000733760
5.61725513219606     0.00000000525978
5.61726229993632     0.00000000582864
5.61819974074449     0.00000000842178
5.61820105583178     0.00000000244882
5.62088960889875     0.00000000563637
5.62089231311736     0.00000000563406
5.62238601880720     0.00000000559921
5.62238861953733     0.00000000524889
5.62379748739350     0.00000000380847
5.62380005792178     0.00000000412859
5.62567489782504     0.00000000614640
5.62568202365782     0.00000000715244
5.62605114579499     0.00000000516230
5.62605366816198     0.00000000641498
5.62720023059114     0.00000000632335
5.62720283658812     0.00000000400614
5.62747250188027     0.00000000560455
5.62747514519152     0.00000000591916
5.62793046919783     0.00000000595289
5.62793301943788     0.00000000492350
5.62876988450198     0.00000000763102
5.62877198425183     0.00000000836789
5.62946157695144     0.00000000522822
5.62946432376970     0.00000000617746
5.62991402061001     0.00000000498749
5.62991660167980     0.00000000497196
5.63028094387380     0.00000000514124
5.63028346326214     0.00000000587739
5.63034052376733     0.00000000889540
5.63034197302857     0.00000000180138
5.63197213840810     0.00000000526012
5.63197465979347     0.00000000471155
5.63311443561468     0.00000000483963
5.63311696205113     0.00000000549371
5.63386522126645     0.00000000557862
5.63386629216616     0.00000000500060
5.63664358947477     0.00000000499359
5.63664617059441     0.00000000563791
5.63824790471902     0.00000000789750
5.63824851738664     0.00000000231325
5.63878946131128     0.00000000737919
5.63879205397327     0.00000000663802
5.63951183802576     0.00000000439542
5.63951444468597     0.00000000548179
5.63997137746175     0.00000000569342
5.63997845789555     0.00000000431305
5.63998288681226     0.00000001032732
5.63999135368891     0.00000000888621
5.64166388890023     0.00000000739088
5.64166599588452     0.00000000626485
5.64414227960245     0.00000000478125
5.64415064551923     0.00000000473658
5.64655372195920     0.00000000898670
5.64655681594995     0.00000000972856
5.64717702265783     0.00000000272535
5.64718340794950     0.00000000283093
5.65082859243358     0.00000000637980
5.65083558132792     0.00000000669873
5.65124490210133     0.00000000643872
5.65125187134544     0.00000000652727
5.65152941137075     0.00000000602487
5.65153147288623     0.00000000794905
5.65201217825465     0.00000000633358
5.65201913885990     0.00000000626309
5.65254197011607     0.00000000496378
5.65255032916977     0.00000000458701
5.65292582336845     0.00000000619785
5.65293281750879     0.00000000618987
5.65466391752024     0.00000000775328
5.65466651841437     0.00000000478502
5.65472095273858     0.00000000652897
5.65472784905669     0.00000000655874
5.65479861583567     0.00000000480575
5.65480039794406     0.00000000520153
5.65560435557316     0.00000000096760
5.65561014171745     0.00000000092637
5.65575743200127     0.00000000226551
5.65575842945097     0.00000000158227
5.65666276185198     0.00000001216611
5.65666598172334     0.00000001357895
5.65675498861683     0.00000000506799
5.65676319286130     0.00000000500483
5.65695241458499     0.00000000403936
5.65695424608231     0.00000000446401
5.65755832335573     0.00000000207703
5.65756531452006     0.00000000209505
5.65914080370555     0.00000000510142
5.65914339841084     0.00000000561766
5.65935714785302     0.00000000256790
5.65935816713665     0.00000000271698
5.65949684084249     0.00000000526241
5.65949753268380     0.00000000946928
5.65968867484238     0.00000000589724
5.65969567953282     0.00000000546704
5.66011159689549     0.00000000330320
5.66011349377256     0.00000000501121
5.66013826843722     0.00000000293615
5.66014113406758     0.00000000297235
5.66077586733265     0.00000000519382
5.66077761601609     0.00000000060661
5.66083443378729     0.00000000666301
5.66084268045005     0.00000000620000
5.66108506145034     0.00000000610507
5.66108603124949     0.00000000399483
5.66211645988276     0.00000000717921
5.66211852506190     0.00000000777688
5.66292063947029     0.00000000516638
5.66292270763705     0.00000000723170
5.66299255269548     0.00000001139742
5.66299385353069     0.00000000085502
5.66341686836703     0.00000000352791
5.66341977552915     0.00000000326907
5.66380080749379     0.00000000433840
5.66380348409236     0.00000000482531
5.66408299966000     0.00000000767579
5.66408563038482     0.00000000410898
5.66444987432802     0.00000000213540
5.66445287395049     0.00000000177079
5.66451433089128     0.00000000215578
5.66451620090689     0.00000000303666
5.66507869106755     0.00000000767073
5.66508694654946     0.00000000799353
5.66528862261377     0.00000000425327
5.66529118275017     0.00000000530787
5.66542549624872     0.00000000542467
5.66542807710398     0.00000000544658
5.66555115338719     0.00000000006245
5.66556006561948     0.00000000531934
5.66568009822468     0.00000000797635
5.66568708992893     0.00000000882142
5.66657245603881     0.00000000285035
5.66657319569816     0.00000000782455
5.66663884613911     0.00000000517576
5.66664092194142     0.00000000746912
5.66686028874933     0.00000000108140
5.66686728163255     0.00000000109122
5.66692668542091     0.00000000150303
5.66692769924012     0.00000000243599
5.66701134773754     0.00000000537430
5.66701376403206     0.00000000624245
5.66738887171791     0.00000000327910
5.66738998666931     0.00000000170366
5.66782012550997     0.00000000676572
5.66782709726959     0.00000000712968
5.66857612996461     0.00000000262802
5.66858318776330     0.00000000265740
5.66878211348286     0.00000000561735
5.66878425465389     0.00000000462630
5.66920230291684     0.00000000240296
5.66920674058511     0.00000000227857
5.66926481498061     0.00000000475910
5.66926550393626     0.00000000731761
5.66977926898944     0.00000000269323
5.66978240227156     0.00000000165752
5.66992231299369     0.00000000663217
5.66992899178767     0.00000000831898
5.66993453160029     0.00000000364448
5.66993685303805     0.00000000253311
5.67013451917521     0.00000000413278
5.67014294484742     0.00000000417543
5.67029500122607     0.00000000263312
5.67029759744888     0.00000000166872
5.67040313112674     0.00000000001371
5.67040872127900     0.00000000001382
5.67050908152535     0.00000000210988
5.67051157061447     0.00000000231105
5.67090364540612     0.00000000528232
