# Absorption spectrum
# exc. energy / eV    osc. strength
4.79021219511225     0.10597506596096
4.94777486638561     0.00000007462027
4.94895381086483     0.00000000000001
4.95024006568610     0.00000000000003
4.95041263472916     0.00000013873492
4.95205398934586     0.00000000031561
4.95209922830555     0.00000232816400
4.95263353773616     0.00000019318080
4.95298142249294     0.00000000000329
4.95336586917868     0.00000000002511
4.95370959721610     0.00000015844040
4.95429609166316     0.00000128395525
4.95438946323700     0.00000000000093
4.95521151429207     0.00000082138815
4.95685230306400     0.00000000000224
4.95758099074144     0.00000000000006
4.95807121394370     0.00000287148206
4.95809631634639     0.00000000047963
4.95872151570764     0.00000136678957
4.95967703601810     0.00000207725624
4.96056032163783     0.00000280684592
4.96181975318287     0.00000000795759
4.96185837091051     0.00000000000454
4.96242041564476     0.00000000001162
4.96372987073136     0.00000306378674
4.96471518629443     0.00000000000687
4.96587218421976     0.00000000000035
4.96746183546603     0.00000000023915
4.96792496237104     0.00012814599221
4.96835341136723     0.00000160026082
4.96938514657734     0.00000000000000
4.97141904169644     0.00007504913591
4.97145973922028     0.00000000698843
4.97220361747740     0.00000000007539
4.97388584903123     0.00021048096019
4.97531537177054     0.00000000000690
4.97599730033818     0.00000000024416
4.97640788377537     0.00007513134702
4.97786244701914     0.00000000049438
4.97794066323880     0.00004845482313
4.97837133147667     0.00000373318549
4.97847464717636     0.00000000026105
4.97939644579484     0.00000000277533
4.97980277191814     0.00079096844680
4.97987064557048     0.00000000061503
4.98075022044734     0.00000880256764
4.98202782995579     0.00000000000002
4.98244760468089     0.00089646556739
4.98339397656540     0.00002339667461
4.98388011714522     0.00427211688973
4.98397658026840     0.00000000142959
4.98508591065546     0.00000000000111
4.98586346310912     0.00063593356909
4.98620238277181     0.00000000015209
4.98657470028294     0.00011493335313
4.98745158600568     0.00000000000079
4.98774985402846     0.00000854464974
4.98803439025300     0.00000000007310
4.98889662592301     0.00008664348832
4.98921763743098     0.00000000041154
4.99022004451916     0.00006913838911
4.99022175444306     0.00000000009407
4.99095562278740     0.00001464206091
4.99232767308058     0.00000000000001
4.99250584118409     0.00003845925870
4.99308306038902     0.00001169351801
4.99394739733193     0.00000000000096
4.99426055691598     0.00000000000194
4.99485434229675     0.00009104527226
4.99505613288695     0.00000000027799
4.99551236193557     0.00001185645041
4.99596470683333     0.00003815969901
4.99617036776406     0.00000000048644
4.99770014417925     0.00000000116230
4.99784797848096     0.00005443433122
4.99826916575329     0.00000000014453
4.99915110862101     0.00000104985048
5.00018559509397     0.00003891711637
5.00025435915724     0.00000000286799
5.00154564548767     0.00000000006078
5.00228972338143     0.00007846952919
5.00354458453277     0.00007374354181
5.00551183673773     0.00000000000371
5.00779400053753     0.00000000000120
5.00954410675871     0.00000000002016
5.01041924455847     0.00000000004698
5.01042464988284     0.00000000947437
5.01073339780538     0.00003121184764
5.01111775453661     0.00030958853233
5.01119482715666     0.00000000055612
5.01151616943663     0.00084077976894
5.01189721823734     0.00030287593376
5.01296338748428     0.00003822015157
5.01328300306563     0.00000000000420
5.01422025495062     0.00000000009766
5.01433939268444     0.00016220951393
5.01472207917196     0.00000000105571
5.01490029443714     0.00010424784890
5.01581816239950     0.00000000000568
5.01642973573672     0.00000866876040
5.01678361989415     0.00000000000595
5.01768232801917     0.00000000002352
5.01780931029491     0.00000508931202
5.01842704642969     0.00000398658322
5.01877281696132     0.00000000000071
5.02056331925392     0.00000885907540
5.02086299907498     0.00000000001433
5.02339055909176     0.00019526243320
5.02360096827411     0.00000000135517
5.02445626177167     0.00006541217670
5.02456986159107     0.00010777763824
5.02463208621324     0.00000000397377
5.02643686287773     0.00000000001906
5.02700382822861     0.00000000248138
5.02844590521555     0.00000000000145
5.02911979098959     0.00000000236125
5.02933628021039     0.00000000000256
5.03059141486704     0.00000082897029
5.03164153531353     0.00000000001103
5.03196205226000     0.00000556763702
5.03312019789018     0.00000000002408
5.03330740322024     0.00000087865244
5.03405182253034     0.00000000000002
5.03419043126471     0.00000111343800
5.03457869200551     0.00001496018516
5.03532866836134     0.00000000000016
5.03589621775300     0.00000000000092
5.03681510168153     0.00000000000009
5.03710008342360     0.00000000632732
5.03741940911222     0.00000000000002
5.03779877708003     0.00000000491428
5.03868665482756     0.00000000000164
5.03876851076339     0.00000026458711
5.03929933096516     0.00000000000051
5.03978786218817     0.00000000078033
5.03996390909918     0.00000000000000
5.04071860737791     0.00000000000004
5.04124431283067     0.00000268076760
5.04174629196060     0.00000389439908
5.04222816628877     0.00000178415345
5.04335132214153     0.00000000000315
5.04384892011470     0.00002728974922
5.04487207793330     0.00000000157307
5.04489442641398     0.00001227536505
5.04519357448823     0.00000012273375
5.04656529339391     0.00000000000362
5.04709144499902     0.00000000000023
5.04730408952020     0.00000073778175
5.04801056641340     0.00000000000051
5.04844239557883     0.00000441249347
5.04883156966740     0.00000482815997
5.04886925975454     0.00000000006769
5.04909399822028     0.00000000000077
5.04940617290166     0.00000000000030
5.04972202879562     0.00000002002153
5.04979529269623     0.00000000000231
5.05079692217689     0.00000000155627
5.05080130537127     0.00000044992618
5.05139355357303     0.00000006251016
5.05196198380093     0.00000003556542
5.05245020225534     0.00000000000128
5.05331870536086     0.00000015559239
5.05367856129960     0.00000000000023
5.05375884090237     0.00000105979399
5.05455877531544     0.00000424985973
5.05481485231422     0.00000000000093
5.05503956634386     0.00000008770889
5.05521165708728     0.00000000000000
5.05576870712687     0.00000038005952
5.05603372246708     0.00000000000002
5.05670346740894     0.00000000000007
5.05679225729326     0.00000006322205
5.05760277484745     0.00000003298187
5.05780767728502     0.00000000000011
5.05868833119866     0.00000018270489
5.05899260591640     0.00000000000024
5.06031467816980     0.00000007521299
5.06049945230689     0.00001025900377
5.06098394514411     0.00000000000006
5.06191099729883     0.00000033537219
5.06234242404012     0.00000000000018
5.06279885678708     0.00000000000080
5.06393341208019     0.00000042540294
5.06490366046574     0.00001100540852
5.06591385750645     0.00000000000034
5.06641893847239     0.00000415770251
5.06696681787153     0.00000000000092
5.06831088749718     0.00000000000000
5.06960281242311     0.00000000101642
5.07091186768556     0.00000000038049
5.07091750448539     0.00000152483170
5.07219067665235     0.00000171916185
5.07232613834724     0.00000000000290
5.07408665076010     0.00000000000011
5.07896887087832     0.00000762031475
5.08024788344180     0.00000000003645
5.08037000771887     0.00008145631934
5.08134793896620     0.00000000000111
5.08265749538854     0.00000000000159
5.08306735739032     0.00000586828587
5.08884886487785     0.00000000000000
5.08985731675388     0.00000002711281
5.09940127277417     0.00000000000000
5.10149088609654     0.00000524205168
5.15373974151078     0.00000000000000
5.15402233327542     0.00000146618570
5.15431204962270     0.00000040910068
5.15434401893307     0.00000000000340
5.15434642715736     0.00000001718659
5.15439283615302     0.00000000000369
5.15451566518550     0.00000122970781
5.15452848210423     0.00000000004629
5.15457359399173     0.00000000003755
5.15469253889579     0.00000003414339
5.15472361728042     0.00000000018149
5.15473223083242     0.00000044049846
5.15482364458174     0.00000000091922
5.15487390225673     0.00000000000016
5.15489200778353     0.00000000000052
5.15492646692087     0.00000000210600
5.15496593137667     0.00000000000045
5.15503723735791     0.00000000000771
5.15504667256264     0.00000010224430
5.15512203745826     0.00000000000060
5.15520733553721     0.00000000000000
5.15523508955737     0.00000000071423
5.15526303929811     0.00000016878724
5.15538037408928     0.00000008034022
5.15539410806123     0.00000000005020
5.15542397338975     0.00000017919519
5.15554249497063     0.00000000004934
5.15556768125258     0.00000050064144
5.15557935561722     0.00000000006390
5.15567509393395     0.00000000000018
5.15573971670443     0.00000065876086
5.15580262031945     0.00000017193755
5.15582792951006     0.00000000000255
5.15587478950396     0.00000000000042
5.15592501654467     0.00000013543185
5.15595651442768     0.00000000029743
5.15599084943898     0.00000000000015
5.15602897232994     0.00000002377443
5.15609687410180     0.00000000000001
5.15616697606284     0.00000000342977
5.15617289861709     0.00000000000406
5.15621795434240     0.00000000315437
5.15622291662882     0.00000000000018
5.15634174118980     0.00000000000061
5.15650970438100     0.00000000000046
5.15653508464383     0.00000006029276
5.15660682880015     0.00000033398777
5.15662370972105     0.00000000000375
5.15666617483381     0.00000003666065
5.15677777216819     0.00000000220622
5.15681682746416     0.00000000000124
5.15686913598639     0.00000000000577
5.15691787436104     0.00000028506548
5.15699806834822     0.00000000000000
5.15702799596031     0.00000003259972
5.15705160319273     0.00000000003063
5.15707427835571     0.00000020458183
5.15715930887536     0.00000000000026
5.15722622302320     0.00000027609330
5.15726729245153     0.00000000000193
5.15735279354900     0.00000000853855
5.15746068863016     0.00000000141669
5.15746955803748     0.00000176392573
5.15768462598565     0.00000000000039
5.15771700606406     0.00000001740074
5.15784451198427     0.00000000000051
5.15786135413346     0.00000000000375
5.15795407712042     0.00000020622959
5.15797306647667     0.00000000001788
5.15800165717487     0.00000323117974
5.15816926760395     0.00000000000164
5.15817824072396     0.00000027207960
5.15824184871631     0.00000000000294
5.15828839248307     0.00000000000396
5.15836209312553     0.00000000000097
5.15839723918401     0.00000124789327
5.15841374835811     0.00000000007903
5.15847891719417     0.00000011014120
5.15860602329742     0.00000000000056
5.15865566016717     0.00000006488918
5.15873634117631     0.00000038472466
5.15883045846700     0.00000053293229
5.15884956709098     0.00000000009113
5.15886543398227     0.00000348618994
5.15888022170896     0.00000000009276
5.15909304414247     0.00000470785409
5.15910583238976     0.00000000001765
5.15925245106371     0.00000107273274
5.15926380515883     0.00000000007001
5.15927682603716     0.00000000727815
5.15940010681728     0.00000108280650
5.15947712673991     0.00000033961186
5.15954271091971     0.00000000000000
5.15963147596294     0.00000069272080
5.15970142537149     0.00000000002733
5.15971792489895     0.00000216520362
5.15982380358340     0.00000234538682
5.15994563938854     0.00000000000728
5.16001235811294     0.00000000000063
5.16005259737786     0.00000009843460
5.16010319660188     0.00000000002968
5.16022752377535     0.00000482452624
5.16023100488234     0.00000000377648
5.16044764288148     0.00000310063536
5.16057319790516     0.00000000000111
5.16070678599752     0.00000555046796
5.16071272832751     0.00000000461294
5.16094556003430     0.00000000000028
5.16097899479834     0.00000000000293
5.16113016961176     0.00000067061348
5.16115356183171     0.00000000011772
5.16118422220080     0.00000349334703
5.16140206306848     0.00000895693206
5.16141728545089     0.00000000121205
5.16160235228578     0.00000007979229
5.16167277717181     0.00000000000972
5.16182464204302     0.00000000000451
5.16184648646896     0.00000005746938
5.16194773733295     0.00000136325711
5.16202746186290     0.00000207583059
5.16204235122202     0.00000000000755
5.16236253925366     0.00000000000313
5.16245690510335     0.00000000000144
5.16246727936847     0.00000003455782
5.16256670961307     0.00000383781626
5.16284554205765     0.00000000000023
5.16287747021369     0.00000025675796
5.16292722126925     0.00000000000006
5.16301386295530     0.00000067550810
5.16304088281973     0.00000000000181
5.16321387679827     0.00000000000083
5.16322231750286     0.00000003246185
5.16349121643076     0.00000042527166
5.16393154400296     0.00000058088089
5.16410754665190     0.00000000000008
5.16421552879131     0.00000084419729
5.16445739663199     0.00000002394581
5.16451037072672     0.00000000000126
5.16474732897561     0.00000000000038
5.16492111898444     0.00000022158955
5.16495301872826     0.00000000000303
5.16517154464995     0.00000000077917
5.16517221664136     0.00004640630681
5.16521875671328     0.00000000034995
5.16545039866799     0.00000153773179
5.16553366949344     0.00000000004460
5.16555176538322     0.00000614732253
5.16561007927213     0.00000000001904
5.16566629593354     0.00000118673501
5.16592728125351     0.00000000000189
5.16659505906030     0.00001594571324
5.16659704227895     0.00000000290952
5.16688916229614     0.00000043055564
5.16696325884470     0.00000000000117
5.16703010093491     0.00000000000027
5.16721520278041     0.00000002178278
5.16742893299832     0.00000000000077
5.16758416428197     0.00000008721380
5.16783337379422     0.00000000000050
5.16821395157437     0.00000000951768
5.16850449556056     0.00000218654741
5.16890530038776     0.00000097055389
5.16967367599444     0.00000000000006
5.16967969522390     0.00000000166624
5.16982240424872     0.00001983687293
5.16999703718012     0.00000000000375
5.17096832304296     0.00000000000007
5.17157310070966     0.00000000000003
5.17160693860128     0.00000000000000
5.17171678590636     0.00000003858207
5.17211693858936     0.00000000000023
5.17259377125260     0.00001320361023
5.17275548954787     0.00000000000822
5.17330960759025     0.00000000000631
5.17357076198894     0.00013483479959
5.17375489128419     0.00017864127709
5.17422429253652     0.00000000002035
5.17561964747198     0.00000000000065
5.17592488015666     0.00000010690507
5.17633508834247     0.00001917330149
5.17682226553682     0.00000000000528
5.17719380961753     0.00000598851680
5.17737863383757     0.00004293293804
5.17809591812441     0.00000991787738
5.17811542368753     0.00000000000390
5.17971018715503     0.00000337959907
5.18133054773483     0.00000000007293
5.18147212011293     0.00000249129614
5.18156294866770     0.00000000011631
5.18170765124615     0.00082748655245
5.18228863894948     0.00000000019422
5.18597811142699     0.00000038970247
5.18786980920225     0.00000000000056
5.18836470071266     0.00000000000000
5.18919145250169     0.00012244352053
5.18946732037200     0.00000000000002
5.18965325453413     0.00000005573483
5.19026000082191     0.00007266778436
5.19027902654336     0.00000000000213
5.19663091162696     0.00000000000000
5.19977890327703     0.00000000092837
5.20058921978943     0.00000016359302
5.20075152699828     0.00000000000000
5.53987649008753     0.00000000546485
5.53987911231852     0.00000000424435
5.57559565366710     0.00000000478386
5.57559825393785     0.00000000319688
5.57677027058131     0.00000000472771
5.57677283170728     0.00000000369425
5.57853279426782     0.00000000444753
5.57853532092101     0.00000000447954
5.58624029955997     0.00000000353006
5.58624507099085     0.00000000366800
5.59884221301686     0.00000000302153
5.59884482134448     0.00000000228765
5.60052243978868     0.00000000279923
5.60052497954110     0.00000000289689
5.60473498720467     0.00000000291581
5.60473755341674     0.00000000251400
5.60627152905277     0.00000000297769
5.60627866049928     0.00000000303576
5.61041961456958     0.00000000444307
5.61042171814603     0.00000000540766
5.61256952877713     0.00000000264308
5.61257667631401     0.00000000274933
5.61621243648906     0.00000000310400
5.61621359245677     0.00000000214737
5.61668229248368     0.00000000273914
5.61668341580064     0.00000000332525
5.61725512506137     0.00000000242484
5.61726229204650     0.00000000267589
5.61819972925759     0.00000000389737
5.61820105252899     0.00000000110812
5.62088960119671     0.00000000261828
5.62089230546232     0.00000000258766
5.62238601118491     0.00000000260480
5.62238861243138     0.00000000241433
5.62379748213344     0.00000000177264
5.62380005224382     0.00000000190536
5.62567488940841     0.00000000286213
5.62568201388852     0.00000000331368
5.62605113865587     0.00000000241476
5.62605365934644     0.00000000296300
5.62720022192919     0.00000000295364
5.62720283113007     0.00000000185112
5.62747249421377     0.00000000262307
5.62747513724199     0.00000000273756
5.62793046102798     0.00000000278529
5.62793301272105     0.00000000227692
5.62876987402313     0.00000000359407
5.62877197288011     0.00000000385994
5.62946156979811     0.00000000245241
5.62946431536564     0.00000000286503
5.62991401387616     0.00000000233830
5.62991659500201     0.00000000230693
5.63028093698137     0.00000000241534
5.63028345547643     0.00000000272929
5.63034051158898     0.00000000416223
5.63034197058711     0.00000000082611
5.63197213117259     0.00000000247147
5.63197465334778     0.00000000218984
5.63311442903060     0.00000000227877
5.63311695461110     0.00000000255819
5.63386521356076     0.00000000264645
5.63386628535185     0.00000000230880
5.63664358298367     0.00000000236011
5.63664616317719     0.00000000263595
5.63824789400169     0.00000000375494
5.63824851431933     0.00000000105177
5.63878945122882     0.00000000349948
5.63879204497379     0.00000000310202
5.63951183198387     0.00000000208332
5.63951443718843     0.00000000257139
5.63997136960376     0.00000000269840
5.63997845195201     0.00000000204568
5.63998287263193     0.00000000486311
5.63999134151480     0.00000000416842
5.64166387872451     0.00000000351918
5.64166598733505     0.00000000293049
5.64414227306897     0.00000000226775
5.64415063905647     0.00000000223961
5.64655370948671     0.00000000430334
5.64655680256070     0.00000000458137
5.64717701888270     0.00000000129596
5.64718340403290     0.00000000134293
5.65082858349216     0.00000000305057
5.65083557196219     0.00000000318635
5.65124489326746     0.00000000307896
5.65125186241083     0.00000000310547
5.65152940297430     0.00000000290518
5.65153146191177     0.00000000376163
5.65201216943641     0.00000000303072
5.65201913016056     0.00000000298207
5.65254196342119     0.00000000237479
5.65255032299169     0.00000000218781
5.65292581460528     0.00000000296825
5.65293280877757     0.00000000294966
5.65466390701487     0.00000000373321
5.65466651198406     0.00000000227431
5.65472094391001     0.00000000313168
5.65472784021759     0.00000000313023
5.65479861091549     0.00000000231419
5.65480039272901     0.00000000247651
5.65560435422408     0.00000000046383
5.65561014042676     0.00000000044366
5.65575742953802     0.00000000108850
5.65575842773364     0.00000000075388
5.65666274482269     0.00000000590527
5.65666596292840     0.00000000644608
5.65675498157900     0.00000000243335
5.65676318592214     0.00000000239503
5.65695240890459     0.00000000195053
5.65695423994940     0.00000000212801
5.65755832097451     0.00000000099831
5.65756531213263     0.00000000100562
5.65914079663794     0.00000000246825
5.65914339067093     0.00000000268719
5.65935714550260     0.00000000124233
5.65935816464012     0.00000000130201
5.65949683402228     0.00000000262151
5.65949752074075     0.00000000446724
5.65968866647167     0.00000000284210
5.65969567179044     0.00000000262272
5.66011159376845     0.00000000159950
5.66011348910464     0.00000000240676
5.66013826781574     0.00000000141519
5.66014113338724     0.00000000143139
5.66077585995555     0.00000000250535
5.66077761515941     0.00000000028988
5.66083442450016     0.00000000321474
5.66084267182753     0.00000000297853
5.66108505342752     0.00000000297287
5.66108602607089     0.00000000189312
5.66211644982482     0.00000000349778
5.66211851426606     0.00000000371330
5.66292063319330     0.00000000251688
5.66292269891112     0.00000000347230
5.66299253802070     0.00000000550971
5.66299385244266     0.00000000040349
5.66341686488181     0.00000000170863
5.66341977228741     0.00000000157595
5.66380080256964     0.00000000210562
5.66380347863076     0.00000000232384
5.66408299052100     0.00000000372442
5.66408562551384     0.00000000197264
5.66444987162013     0.00000000103467
5.66445287170979     0.00000000085519
5.66451432806700     0.00000000104670
5.66451619693897     0.00000000146369
5.66507868061408     0.00000000372110
5.66508693568505     0.00000000385779
5.66528861784908     0.00000000206867
5.66529117683121     0.00000000256017
5.66542548848966     0.00000000263964
5.66542806936005     0.00000000261868
5.66555115330000     0.00000000003026
5.66556005818796     0.00000000257347
5.66568008747994     0.00000000387304
5.66568707826069     0.00000000425629
5.66657245315117     0.00000000141192
5.66657318788203     0.00000000376498
5.66663884049670     0.00000000252787
5.66664091380277     0.00000000359984
5.66686028725626     0.00000000052416
5.66686728012360     0.00000000052848
5.66692668331929     0.00000000073310
5.66692769585256     0.00000000117535
5.66701134022687     0.00000000262158
5.66701375537049     0.00000000300461
5.66738886714023     0.00000000159567
5.66738998430578     0.00000000081878
5.66782011605051     0.00000000328951
5.66782708733014     0.00000000344727
5.66857612699405     0.00000000127772
5.66858318471872     0.00000000128979
5.66878210564965     0.00000000274329
5.66878424824415     0.00000000222946
5.66920229959280     0.00000000116846
5.66920673744844     0.00000000110477
5.66926480886657     0.00000000237386
5.66926549484595     0.00000000349208
5.66977926516761     0.00000000131084
5.66978239990294     0.00000000080357
5.66992230399843     0.00000000323688
5.66992898098187     0.00000000404035
5.66993452831568     0.00000000176988
5.66993685079044     0.00000000122600
5.67013451431291     0.00000000201176
5.67014293993919     0.00000000202786
5.67029501097206     0.00000000127332
5.67029760383645     0.00000000081709
5.67040313211726     0.00000000000655
5.67040872231545     0.00000000000660
5.67050907788811     0.00000000102825
5.67051156673591     0.00000000111956
5.67090363911502     0.00000000257073
