# Absorption spectrum
# exc. energy / eV    osc. strength
4.89486664311378     0.07615562691454
4.94777501756064     0.00000025361030
4.94895381086484     0.00000000000002
4.95024006568614     0.00000000000009
4.95041289839384     0.00000041493524
4.95205398987351     0.00000000073046
4.95210348143023     0.00000643306448
4.95263388881000     0.00000052831367
4.95298142249884     0.00000000000879
4.95336586922321     0.00000000006539
4.95370987525617     0.00000040402649
4.95429831694488     0.00000319342308
4.95438946323866     0.00000000000242
4.95521290754478     0.00000195685197
4.95685230306761     0.00000000000483
4.95758099074154     0.00000000000013
4.95807568958205     0.00000577556558
4.95809631725537     0.00000000142647
4.95872362217003     0.00000268799903
4.95968014016723     0.00000384064938
4.96056442129831     0.00000495761620
4.96181976430058     0.00000001286220
4.96185837091684     0.00000000000732
4.96242041566060     0.00000000001787
4.96373383291992     0.00000424227981
4.96471518630294     0.00000000000872
4.96587218422019     0.00000000000039
4.96746183567439     0.00000000015033
4.96806683535358     0.00012866370179
4.96835601236756     0.00000348974362
4.96938514657735     0.00000000000000
4.97145973044163     0.00000000912693
4.97149041774680     0.00005577541104
4.97220361754949     0.00000000005708
4.97406743710627     0.00012724423141
4.97531537177628     0.00000000000394
4.97599730050372     0.00000000009294
4.97646150117278     0.00003138577688
4.97786244722933     0.00000000007400
4.97796784596220     0.00001253329037
4.97837331570993     0.00000087249020
4.97847464731132     0.00000000005777
4.97939644655472     0.00000000017228
4.97987064550738     0.00000000000536
4.98018504789567     0.00013836127016
4.98075572032057     0.00000282919410
4.98202782995579     0.00000000000000
4.98267469747169     0.00004028254796
4.98339676165744     0.00000027276872
4.98397658023611     0.00000000000060
4.98508591065505     0.00000000000013
4.98559062245561     0.00008064500756
4.98620238272540     0.00000000001173
4.98652689449537     0.00001578475334
4.98745158600513     0.00000000000032
4.98774298450413     0.00000455589588
4.98803439018559     0.00000000005147
4.98879372595459     0.00009681904822
4.98921763700304     0.00000000036848
4.99010739755852     0.00014445621713
4.99022175444077     0.00000000000005
4.99092881425576     0.00003999093305
4.99232767308044     0.00000000000148
4.99237260729206     0.00035329883348
4.99304109831077     0.00011966547667
4.99394739732210     0.00000000008357
4.99426055618651     0.00000022754422
4.99426735815354     0.00210543837109
4.99505613232394     0.00000000094420
4.99543846857901     0.00031106138110
4.99576870519183     0.00060530232627
4.99617036606838     0.00000000489466
4.99706971492068     0.00395665085209
4.99770014738329     0.00000000731367
4.99826916405472     0.00000001653058
4.99859767050407     0.00445498134571
4.99916394284391     0.00012719666064
5.00025435245929     0.00000001295131
5.00043854053798     0.00118807168481
5.00154564572015     0.00000000073629
5.00258954558451     0.00081906025644
5.00389736408461     0.00121855675233
5.00551183675030     0.00000000003527
5.00779400053975     0.00000000000342
5.00954410677946     0.00000000001767
5.01041924458544     0.00000000001282
5.01042465529547     0.00000000256052
5.01074624741763     0.00000429118286
5.01119482643828     0.00000000076840
5.01120938043142     0.00001775247138
5.01180062374885     0.00001898126321
5.01291105312642     0.00005554571903
5.01328300305804     0.00000000001138
5.01388603843681     0.00067677334390
5.01422025503553     0.00000000006112
5.01472206843232     0.00000009042426
5.01474203493836     0.00015502132221
5.01581816238212     0.00000000004398
5.01638901866473     0.00015330196146
5.01678361986056     0.00000000015721
5.01768232708671     0.00000003061662
5.01772571832198     0.00099790342640
5.01828969051879     0.00265153788173
5.01876228232218     0.00727673146746
5.01877281756231     0.00000041951038
5.02062976397022     0.00039810368883
5.02086299919298     0.00000000080500
5.02360096616365     0.00000000272157
5.02389992635945     0.00067540068518
5.02450019950706     0.00001471554879
5.02463208435742     0.00000000071767
5.02643685352554     0.00000379932986
5.02646100841630     0.00989942937500
5.02700389359060     0.00000142553512
5.02844590522991     0.00000000011798
5.02911981041472     0.00000013232723
5.02933628023044     0.00000000013004
5.03059665086943     0.00002736403543
5.03164153537105     0.00000000024840
5.03199275759829     0.00013975726433
5.03312019800874     0.00000000048347
5.03331171909812     0.00001754397697
5.03405182253041     0.00000000000025
5.03419502811379     0.00001568036995
5.03465080772828     0.00028595663443
5.03532866836215     0.00000000000338
5.03589621775730     0.00000000001664
5.03681510168192     0.00000000000139
5.03710011047356     0.00000009575862
5.03741940911230     0.00000000000027
5.03779879727859     0.00000006874573
5.03868665483393     0.00000000002045
5.03876954757752     0.00000336415731
5.03929933096710     0.00000000000616
5.03978786509859     0.00000000898875
5.03996390909921     0.00000000000005
5.04071860737806     0.00000000000045
5.04125352270085     0.00002617474966
5.04175984880917     0.00003901637675
5.04223439659020     0.00001800029303
5.04335132215075     0.00000000002233
5.04394050874616     0.00025274953559
5.04487207986044     0.00000000195487
5.04494001379593     0.00013939661371
5.04519409739210     0.00000184412309
5.04656529340637     0.00000000003550
5.04709144499979     0.00000000000211
5.04730653500801     0.00000671135306
5.04801056641500     0.00000000000419
5.04845627307023     0.00003607274690
5.04884778852859     0.00004502804988
5.04886926015200     0.00000000193233
5.04909399822300     0.00000000000787
5.04940617290267     0.00000000000274
5.04972209404774     0.00000017609850
5.04979529270374     0.00000000002021
5.05079692586817     0.00000000724844
5.05080271730821     0.00000366815177
5.05139374696805     0.00000049545317
5.05196209220531     0.00000027360846
5.05245020225919     0.00000000000961
5.05331916174579     0.00000110848752
5.05367856130025     0.00000000000150
5.05376193139299     0.00000746181104
5.05457121199107     0.00003012771766
5.05481485231706     0.00000000000717
5.05503982720450     0.00000064243617
5.05521165708730     0.00000000000002
5.05576980683769     0.00000263486054
5.05603372246713     0.00000000000011
5.05670346740914     0.00000000000046
5.05679243630650     0.00000041972544
5.05760286674234     0.00000021201756
5.05780767728532     0.00000000000070
5.05868882900374     0.00000112312606
5.05899260591705     0.00000000000146
5.06031485486390     0.00000034368547
5.06052710956128     0.00006170791657
5.06098394514428     0.00000000000039
5.06191189975921     0.00000201086331
5.06234242404059     0.00000000000104
5.06279885678917     0.00000000000456
5.06393449464796     0.00000228114910
5.06493207167867     0.00006070290634
5.06591385750733     0.00000000000189
5.06642974618532     0.00002325757103
5.06696681787394     0.00000000000523
5.06831088749719     0.00000000000002
5.06960281494193     0.00000000516874
5.07091186824483     0.00000000068069
5.07092122535916     0.00000751781911
5.07219483176103     0.00000831546841
5.07232613835447     0.00000000001489
5.07408665076035     0.00000000000049
5.07898456467733     0.00002672420434
5.08024788347517     0.00000000002530
5.08056046938298     0.00036763485788
5.08134793896937     0.00000000000750
5.08265749539239     0.00000000000771
5.08308182567530     0.00002952332504
5.08884886487786     0.00000000000002
5.08985737757931     0.00000011299542
5.09940127277418     0.00000000000000
5.10150183035149     0.00001891958277
5.15373974151078     0.00000000000000
5.15402469135924     0.00000314025448
5.15431270746940     0.00000087589280
5.15434401893858     0.00000000000738
5.15434645525951     0.00000003804928
5.15439283615895     0.00000000000789
5.15451765466660     0.00000266497061
5.15452848219281     0.00000000014038
5.15457359405444     0.00000000008669
5.15469259366450     0.00000007274627
5.15472361755380     0.00000000034098
5.15473294898098     0.00000096942937
5.15482364608297     0.00000000203024
5.15487390225699     0.00000000000035
5.15489200778437     0.00000000000114
5.15492647032932     0.00000000456795
5.15496593137736     0.00000000000096
5.15503723737013     0.00000000001603
5.15504683730182     0.00000021979438
5.15512203745922     0.00000000000128
5.15520733553721     0.00000000000000
5.15523509069079     0.00000000148939
5.15526330932121     0.00000035770111
5.15538050175853     0.00000016799345
5.15539410814143     0.00000000010610
5.15542425990392     0.00000037932580
5.15554249504711     0.00000000009818
5.15556848028047     0.00000105592565
5.15557935572658     0.00000000015501
5.15567509393422     0.00000000000037
5.15574077002576     0.00000139443965
5.15580290021487     0.00000037726529
5.15582792951424     0.00000000000566
5.15587478950463     0.00000000000090
5.15592523453936     0.00000029055494
5.15595651490858     0.00000000064401
5.15599084943921     0.00000000000032
5.15602901046420     0.00000005065065
5.15609687410180     0.00000000000001
5.15616698152967     0.00000000721561
5.15617289862355     0.00000000000855
5.15621795936122     0.00000000661235
5.15622291662911     0.00000000000038
5.15634174119075     0.00000000000126
5.15650970438172     0.00000000000092
5.15653517906754     0.00000012244934
5.15660735484914     0.00000068607421
5.15662370972713     0.00000000000819
5.15666623298917     0.00000007639053
5.15677777563050     0.00000000449941
5.15681682746610     0.00000000000251
5.15686913599535     0.00000000001151
5.15691831961408     0.00000057586701
5.15699806834822     0.00000000000000
5.15702804658432     0.00000006509669
5.15705160323997     0.00000000006031
5.15707459730545     0.00000041174420
5.15715930887577     0.00000000000053
5.15722665063288     0.00000054838517
5.15726729245453     0.00000000000387
5.15735280658209     0.00000001647304
5.15746069031036     0.00000000165004
5.15747229463172     0.00000351492438
5.15768462598626     0.00000000000078
5.15771703287455     0.00000003420625
5.15784451198504     0.00000000000096
5.15786135413907     0.00000000000696
5.15795436538673     0.00000033345829
5.15797306650052     0.00000000002632
5.15800666220586     0.00000641357543
5.15816926760640     0.00000000000306
5.15817866781570     0.00000055508839
5.15824184872088     0.00000000000589
5.15828839248915     0.00000000000772
5.15836209312695     0.00000000000172
5.15839915581037     0.00000243689635
5.15841374849508     0.00000000019658
5.15847908900381     0.00000022191083
5.15860602329826     0.00000000000106
5.15865575667823     0.00000011885907
5.15873690156549     0.00000067571703
5.15883115884651     0.00000075999665
5.15884956719769     0.00000000010348
5.15887077846386     0.00000675725823
5.15888022192950     0.00000000043413
5.15910035701549     0.00000938780565
5.15910583245356     0.00000000019100
5.15925416555974     0.00000226701197
5.15926380528983     0.00000000020298
5.15927683841015     0.00000001741702
5.15940179994349     0.00000219081510
5.15947766183157     0.00000069792036
5.15954271091972     0.00000000000000
5.15963250757286     0.00000127123884
5.15970142540648     0.00000000003710
5.15972121875234     0.00000414108363
5.15982753734163     0.00000491359131
5.15994563940004     0.00000000001506
5.16001235811391     0.00000000000122
5.16005274616855     0.00000018622604
5.16010319664571     0.00000000005358
5.16023099972259     0.00000000582123
5.16023488184057     0.00000925066381
5.16045247296276     0.00000621974902
5.16057319790687     0.00000000000218
5.16071271308981     0.00000004135069
5.16071556201225     0.00001137956722
5.16094556003474     0.00000000000056
5.16097899480285     0.00000000000575
5.16113110229689     0.00000107215961
5.16115356199016     0.00000000017659
5.16118955771996     0.00000672347907
5.16141651115529     0.00001838000359
5.16141732386880     0.00000096310150
5.16160248748386     0.00000018967725
5.16167277718785     0.00000000002190
5.16182464205010     0.00000000000917
5.16184657604692     0.00000011561498
5.16194983174716     0.00000266087384
5.16203084531350     0.00000455993868
5.16204235123785     0.00000000002750
5.16236253925850     0.00000000000619
5.16245690510549     0.00000000000265
5.16246733077783     0.00000006332693
5.16257272022787     0.00000779128914
5.16284554205801     0.00000000000046
5.16287787108864     0.00000051823766
5.16292722126935     0.00000000000013
5.16301491461720     0.00000135562002
5.16304088282265     0.00000000000391
5.16321387679954     0.00000000000161
5.16322236740693     0.00000006352757
5.16349185824743     0.00000080204751
5.16393239480017     0.00000103179760
5.16410754665200     0.00000000000013
5.16421674191762     0.00000144334593
5.16445743008709     0.00000003870421
5.16451037072847     0.00000000000199
5.16474732897610     0.00000000000052
5.16492137871815     0.00000025203976
5.16495301873173     0.00000000000328
5.16517154466112     0.00000000000013
5.16521875558228     0.00000000302655
5.16523944557692     0.00007962868785
5.16545310116680     0.00000390926399
5.16553366954467     0.00000000004873
5.16556296942935     0.00001671571132
5.16561007931254     0.00000000007102
5.16566857858603     0.00000362449374
5.16592728125667     0.00000000000437
5.16659704188635     0.00000000004386
5.16662028519474     0.00003296890211
5.16688989435023     0.00000103039014
5.16696325884667     0.00000000000274
5.16703010093536     0.00000000000061
5.16721523751217     0.00000004585677
5.16742893299951     0.00000000000154
5.16758429850344     0.00000017104852
5.16783337379499     0.00000000000095
5.16821396553062     0.00000001694630
5.16850767630673     0.00000383059921
5.16890669009766     0.00000164753650
5.16967367599451     0.00000000000007
5.16967969719985     0.00000000194036
5.16985030863200     0.00003245364577
5.16999703718632     0.00000000000853
5.17096832304305     0.00000000000010
5.17157310070970     0.00000000000003
5.17160693860127     0.00000000000000
5.17171683312519     0.00000004785279
5.17211693858962     0.00000000000025
5.17260759096555     0.00001192560880
5.17275548955674     0.00000000000795
5.17330960759427     0.00000000000211
5.17363367189803     0.00001789902726
5.17414845870045     0.00052038856623
5.17422429273408     0.00000000158832
5.17561964747307     0.00000000000152
5.17592504406187     0.00000020807838
5.17636420538707     0.00003640339220
5.17682226554437     0.00000000000895
5.17720050963123     0.00000613993440
5.17744415010145     0.00008111021783
5.17811100738699     0.00001893227304
5.17811542371364     0.00000000014445
5.17971390369698     0.00000338111145
5.18133054776151     0.00000000000808
5.18147273572679     0.00000012567997
5.18156294868641     0.00000000000249
5.18228863873158     0.00000000020242
5.18322199488429     0.00221344401402
5.18597910125669     0.00000208152209
5.18786980920332     0.00000000000167
5.18836470071265     0.00000000000000
5.18942455453325     0.00034856412162
5.18946732037226     0.00000000000252
5.18965344243148     0.00000052427994
5.19027902654275     0.00000000000015
5.19046324362290     0.00044793725951
5.19663091162696     0.00000000000000
5.19977890512125     0.00000000303407
5.20058954190592     0.00000052520031
5.20075152699828     0.00000000000000
5.53987649752622     0.00000000838089
5.53987911812514     0.00000000657523
5.57559566011232     0.00000000718691
5.57559825826286     0.00000000484271
5.57677027694918     0.00000000709393
5.57677283670531     0.00000000559266
5.57853280025175     0.00000000666100
5.57853532697747     0.00000000677319
5.58624030430242     0.00000000527842
5.58624507592821     0.00000000550697
5.59884221706286     0.00000000448573
5.59884482441615     0.00000000341481
5.60052244354131     0.00000000414905
5.60052498343638     0.00000000431974
5.60473499110359     0.00000000431413
5.60473755678791     0.00000000374076
5.60627153302337     0.00000000440865
5.60627866455160     0.00000000450473
5.61041962048369     0.00000000652649
5.61042172538925     0.00000000804333
5.61256953227840     0.00000000390093
5.61257667995613     0.00000000406583
5.61621244062683     0.00000000455446
5.61621359533676     0.00000000318932
5.61668229611613     0.00000000400672
5.61668342024268     0.00000000493447
5.61725512827920     0.00000000357048
5.61726229560081     0.00000000394756
5.61819973444717     0.00000000572896
5.61820105401196     0.00000000164542
5.62088960467994     0.00000000384211
5.62089230891353     0.00000000381670
5.62238601463137     0.00000000381982
5.62238861563448     0.00000000355866
5.62379748451573     0.00000000259888
5.62380005480940     0.00000000280423
5.62567489321720     0.00000000419533
5.62568201830327     0.00000000486841
5.62605114189330     0.00000000353235
5.62605366333027     0.00000000435922
5.62720022585263     0.00000000432343
5.62720283359498     0.00000000272290
5.62747249768801     0.00000000383613
5.62747514083116     0.00000000402517
5.62793046472983     0.00000000407390
5.62793301575484     0.00000000334796
5.62876987877840     0.00000000524125
5.62877197801124     0.00000000568224
5.62946157304099     0.00000000358292
5.62946431916385     0.00000000420726
5.62991401692803     0.00000000341700
5.62991659801988     0.00000000338704
5.63028094010433     0.00000000352627
5.63028345899153     0.00000000400561
5.63034051710789     0.00000000608780
5.63034197168744     0.00000000121932
5.63197213445477     0.00000000360804
5.63197465626305     0.00000000321264
5.63311443201269     0.00000000332350
5.63311695797099     0.00000000374980
5.63386521706582     0.00000000384675
5.63386628842858     0.00000000339744
5.63664358591545     0.00000000343627
5.63664616652195     0.00000000385669
5.63824789887769     0.00000000545257
5.63824851569789     0.00000000155847
5.63878945581326     0.00000000508731
5.63879204904932     0.00000000453971
5.63951183473125     0.00000000302934
5.63951444058809     0.00000000375671
5.63997137317662     0.00000000392380
5.63997845465439     0.00000000297368
5.63998287905923     0.00000000709236
5.63999134702542     0.00000000608979
5.64166388335521     0.00000000510659
5.64166599120688     0.00000000428680
5.64414227603738     0.00000000329646
5.64415064199028     0.00000000326014
5.64655371517399     0.00000000622837
5.64655680863826     0.00000000668138
5.64717702060117     0.00000000188165
5.64718340581459     0.00000000195199
5.65082858757383     0.00000000441807
5.65083557623145     0.00000000462575
5.65124489729220     0.00000000445907
5.65125186647588     0.00000000450789
5.65152940681030     0.00000000419147
5.65153146689997     0.00000000547380
5.65201217345791     0.00000000438784
5.65201913412266     0.00000000432723
5.65254196646789     0.00000000343847
5.65255032580088     0.00000000317216
5.65292581860891     0.00000000429576
5.65293281276118     0.00000000427860
5.65466391181085     0.00000000538959
5.65466651490930     0.00000000330285
5.65472094792616     0.00000000452913
5.65472784423286     0.00000000453737
5.65479861313954     0.00000000334087
5.65480039507728     0.00000000359356
5.65560435483937     0.00000000067098
5.65561014101527     0.00000000064208
5.65575743065500     0.00000000157304
5.65575842851068     0.00000000109361
5.65666275261838     0.00000000849426
5.65666597148058     0.00000000936677
5.65675498478833     0.00000000351751
5.65676318908364     0.00000000346739
5.65695241150608     0.00000000281227
5.65695424274393     0.00000000308626
5.65755832205720     0.00000000144240
5.65756531321757     0.00000000145385
5.65914079986846     0.00000000355551
5.65914339419783     0.00000000389110
5.65935714654608     0.00000000178972
5.65935816574649     0.00000000188363
5.65949683715480     0.00000000372668
5.65949752614554     0.00000000651013
5.65968867030533     0.00000000410142
5.65969567533193     0.00000000379278
5.66011159518235     0.00000000230325
5.66011349120942     0.00000000347853
5.66013826806177     0.00000000204213
5.66014113366011     0.00000000206622
5.66077586333349     0.00000000361394
5.66077761555065     0.00000000041995
5.66083442874216     0.00000000463677
5.66084267576137     0.00000000430450
5.66108505708959     0.00000000427000
5.66108602841723     0.00000000275296
5.66211645443305     0.00000000502265
5.66211851918603     0.00000000538150
5.66292063605643     0.00000000361424
5.66292270287565     0.00000000501927
5.66299254471438     0.00000000793984
5.66299385293571     0.00000000058786
5.66341686645856     0.00000000246014
5.66341977375273     0.00000000227386
5.66380080480394     0.00000000302882
5.66380348110379     0.00000000335450
5.66408299466337     0.00000000535803
5.66408562771538     0.00000000285158
5.66444987286365     0.00000000148944
5.66445287273790     0.00000000123293
5.66451432935715     0.00000000150535
5.66451619874701     0.00000000211207
5.66507868536859     0.00000000535377
5.66508694061950     0.00000000556343
5.66528862001261     0.00000000297280
5.66529117951270     0.00000000369304
5.66542549204483     0.00000000379253
5.66542807289673     0.00000000378314
5.66555115333988     0.00000000004356
5.66556006158599     0.00000000370721
5.66568009240809     0.00000000556998
5.66568708360290     0.00000000613897
5.66657245446500     0.00000000201228
5.66657319141018     0.00000000543697
5.66663884305863     0.00000000362582
5.66664091748580     0.00000000519456
5.66686028793925     0.00000000075443
5.66686728081372     0.00000000076094
5.66692668428230     0.00000000105214
5.66692769740028     0.00000000169525
5.66701134366880     0.00000000376233
5.66701375932545     0.00000000433849
5.66738886923655     0.00000000229255
5.66738998538451     0.00000000118308
5.66782012038222     0.00000000472795
5.66782709187477     0.00000000496731
5.66857612836001     0.00000000183645
5.66858318611826     0.00000000185526
5.66878210924580     0.00000000393492
5.66878425117621     0.00000000321743
5.66920230111082     0.00000000167934
5.66920673887887     0.00000000158991
5.66926481166105     0.00000000337263
5.66926549894867     0.00000000506203
5.66977926691533     0.00000000188314
5.66978240098520     0.00000000115648
5.66992230809489     0.00000000464423
5.66992898589573     0.00000000580994
5.66993452979103     0.00000000254512
5.66993685179484     0.00000000176567
5.67013451651953     0.00000000288984
5.67014294216530     0.00000000291601
5.67029500619029     0.00000000183497
5.67029760069239     0.00000000117030
5.67040313161788     0.00000000000949
5.67040872179123     0.00000000000957
5.67050907957057     0.00000000147629
5.67051156852200     0.00000000161184
5.67090364199812     0.00000000369322
