# Absorption spectrum
# exc. energy / eV    osc. strength
4.94776996306545     0.00005164628498
4.94895381085850     0.00000000087957
4.94904772669155     0.01298772304163
4.95024006568791     0.00000000001839
4.95042055254666     0.00007226177543
4.95205399287652     0.00000000635445
4.95215824148823     0.00023541900571
4.95263818229116     0.00001792118672
4.95298142256168     0.00000000023116
4.95336586963397     0.00000000132821
4.95371218899461     0.00000681558220
4.95431483323085     0.00004380860035
4.95438946325363     0.00000000004770
4.95522166191791     0.00002012508915
4.95685230308423     0.00000000002947
4.95758099074194     0.00000000000063
4.95809275017946     0.00002573274755
4.95809634158015     0.00000021230971
4.95873125621972     0.00001114578735
4.95968996256721     0.00001291366326
4.96057625083647     0.00001450984467
4.96181979162596     0.00000002988078
4.96185837093234     0.00000000001690
4.96242041569640     0.00000000003691
4.96374144265644     0.00000702149300
4.96471518631741     0.00000000001236
4.96587218422075     0.00000000000044
4.96746183584030     0.00000000009424
4.96823659077204     0.00010808876240
4.96836736102656     0.00001801386741
4.96938514657736     0.00000000000000
4.97145973386384     0.00000000066044
4.97155550838972     0.00003885565551
4.97220361761778     0.00000000004206
4.97420128893159     0.00007171142657
4.97531537178046     0.00000000000230
4.97599730059090     0.00000000004209
4.97649136601552     0.00001458422673
4.97786244728734     0.00000000002341
4.97797854551941     0.00000469604934
4.97837404983922     0.00000031791027
4.97847464735947     0.00000000002066
4.97939644667770     0.00000000004519
4.97987064551051     0.00000000000094
4.98029013033880     0.00004071124577
4.98075825206604     0.00000116475450
4.98202782995579     0.00000000000000
4.98270179941638     0.00000936132954
4.98339693989738     0.00000005994872
4.98397658023648     0.00000000000011
4.98508591065511     0.00000000000002
4.98563361335809     0.00001174382174
4.98620238273164     0.00000000000171
4.98653500638924     0.00000214306248
4.98745158600528     0.00000000000003
4.98774497482535     0.00000044741457
4.98803439020711     0.00000000000463
4.98883181049970     0.00000766525639
4.98921763715110     0.00000000003062
4.99015766669526     0.00000891480290
4.99022175444080     0.00000000000001
4.99094168695479     0.00000212479750
4.99232767308056     0.00000000000001
4.99245668409323     0.00000999527720
4.99306807021611     0.00000307601516
4.99394739733035     0.00000000000042
4.99426055691219     0.00000000000119
4.99470429650584     0.00003847776823
4.99505613260965     0.00000000004450
4.99549390559516     0.00000455954361
4.99590709021119     0.00001370574827
4.99617036715268     0.00000000012364
4.99770013621997     0.00000000876815
4.99774135161960     0.00003297810761
4.99826916550992     0.00000000006594
4.99914866166456     0.00000091691068
5.00008462130150     0.00004123260666
5.00025435609615     0.00000000052565
5.00154564524188     0.00000000015991
5.00203515215327     0.00012327111408
5.00333807767032     0.00008667427563
5.00551183672036     0.00000000001308
5.00756794841399     0.00122650797137
5.00779400057640     0.00000000020196
5.00954410680225     0.00000000001512
5.01041924459656     0.00000000000497
5.01042465751323     0.00000000098873
5.01074954210857     0.00000130024734
5.01119482672317     0.00000000005437
5.01122127420258     0.00000408277875
5.01181137891877     0.00000312379395
5.01293204191227     0.00000403967268
5.01328300306168     0.00000000000060
5.01412673385992     0.00003993271301
5.01422025510287     0.00000000003819
5.01472207743280     0.00000000046097
5.01480564922112     0.00001281597418
5.01581816239270     0.00000000000131
5.01641764152844     0.00000270706200
5.01678361988548     0.00000000000203
5.01768232797513     0.00000000001327
5.01780025625578     0.00000258737142
5.01841945917448     0.00000232028179
5.01877281695992     0.00000000000045
5.02054012486894     0.00000972792055
5.02086299903800     0.00000000001536
5.02279872905052     0.00025062345897
5.02360096709660     0.00000000016462
5.02423896804083     0.00006044145757
5.02450966361113     0.00000304402677
5.02463208471371     0.00000000009104
5.02643686284041     0.00000000001175
5.02700382295806     0.00000000180118
5.02844590521199     0.00000000000140
5.02911978489143     0.00000000253394
5.02933628020369     0.00000000000283
5.03058905058978     0.00000108474200
5.03164153527875     0.00000000001765
5.03194509721300     0.00000829897027
5.03312019781142     0.00000000004145
5.03330452594813     0.00000151554688
5.03405182253029     0.00000000000004
5.03418626963938     0.00000249826952
5.03452946285566     0.00002596374467
5.03532866836082     0.00000000000027
5.03589621774988     0.00000000000170
5.03681510168122     0.00000000000018
5.03710006040260     0.00000001347620
5.03741940911216     0.00000000000004
5.03779875856797     0.00000001121989
5.03868665482105     0.00000000000417
5.03876746741776     0.00000066191853
5.03929933096310     0.00000000000134
5.03978785894553     0.00000000216799
5.03996390909917     0.00000000000001
5.04071860737771     0.00000000000014
5.04123203506983     0.00000903210747
5.04172879318887     0.00001261683868
5.04222016417442     0.00000576620394
5.04335132212265     0.00000000001820
5.04372217884991     0.00009366436569
5.04484386453963     0.00003323774885
5.04487208304749     0.00000000267404
5.04519312688423     0.00000026257221
5.04656529337729     0.00000000001226
5.04709144499791     0.00000000000087
5.04730052827354     0.00000276498111
5.04801056641076     0.00000000000221
5.04841944869020     0.00001911399684
5.04880885607118     0.00001711619554
5.04886925955455     0.00000000009508
5.04909399821681     0.00000000000250
5.04940617290023     0.00000000000111
5.04972192964515     0.00000007900012
5.04979529268473     0.00000000000920
5.05079690442231     0.00000003243659
5.05079894527155     0.00000198229724
5.05139321666604     0.00000029214664
5.05196178696209     0.00000017527848
5.05245020224808     0.00000000000661
5.05331777843322     0.00000088839705
5.05367856129811     0.00000000000156
5.05375245549987     0.00000618677558
5.05453338201909     0.00002438047068
5.05481485230912     0.00000000000452
5.05503905804069     0.00000047392334
5.05521165708727     0.00000000000002
5.05576637824418     0.00000229575055
5.05603372246698     0.00000000000010
5.05670346740850     0.00000000000046
5.05679185097179     0.00000042014733
5.05760255475569     0.00000023630164
5.05780767728428     0.00000000000080
5.05868704232949     0.00000146275731
5.05899260591467     0.00000000000199
5.06031377657746     0.00000173318923
5.06042550073025     0.00008523467129
5.06098394514373     0.00000000000039
5.06190855252491     0.00000286683194
5.06234242403880     0.00000000000159
5.06279885678090     0.00000000000772
5.06392974126880     0.00000509355160
5.06481363248932     0.00011787672192
5.06591385750365     0.00000000000369
5.06638553971316     0.00004305419299
5.06696681786430     0.00000000000913
5.06831088749714     0.00000000000006
5.06960280276403     0.00000001476846
5.07090210115743     0.00002499574952
5.07091186990224     0.00000000207652
5.07217260872602     0.00003051663904
5.07232613832009     0.00000000004087
5.07408665075887     0.00000000000235
5.07873756612777     0.00091194876048
5.07950662851102     0.00115626551803
5.08024788350426     0.00000000001722
5.08134793895926     0.00000000000700
5.08265749537198     0.00000000002781
5.08301104231389     0.00008625221446
5.08884886487779     0.00000000000013
5.08985688649615     0.00000109852747
5.09940127277416     0.00000000000010
5.10131755952147     0.00090905838721
5.11452603597017     0.07205221426240
5.15373974151078     0.00000000000000
5.15403528500272     0.00001836848693
5.15431565921079     0.00000511172526
5.15434401896431     0.00000000004615
5.15434659422578     0.00000026112471
5.15439283618560     0.00000000004634
5.15452687525072     0.00001635238023
5.15452848545693     0.00000003899970
5.15457359440819     0.00000000074303
5.15469283649026     0.00000041696491
5.15472361845036     0.00000000121338
5.15473643254694     0.00000643277065
5.15482365345909     0.00000001379383
5.15487390225825     0.00000000000228
5.15489200778837     0.00000000000724
5.15492648622168     0.00000002845961
5.15496593138060     0.00000000000584
5.15503723742090     0.00000000008277
5.15504758624625     0.00000131338141
5.15512203746355     0.00000000000755
5.15520733553721     0.00000000000001
5.15523509544102     0.00000000779816
5.15526448975163     0.00000200446064
5.15538104026321     0.00000088804742
5.15539410848964     0.00000000058823
5.15542550776824     0.00000211131417
5.15554249533249     0.00000000042696
5.15557192457430     0.00000577552633
5.15557935646368     0.00000000180408
5.15567509393537     0.00000000000189
5.15574534531193     0.00000770512441
5.15580424554942     0.00000246446417
5.15582792953497     0.00000000003907
5.15587478950769     0.00000000000536
5.15592621983664     0.00000171919127
5.15595651714015     0.00000000398045
5.15599084944029     0.00000000000185
5.15602917963119     0.00000029080435
5.15609687410184     0.00000000000006
5.15616700497765     0.00000003922041
5.15617289865141     0.00000000004672
5.15621798068431     0.00000003539308
5.15622291663036     0.00000000000207
5.15634174119473     0.00000000000647
5.15650970438451     0.00000000000431
5.15653554913021     0.00000057554987
5.15660947464551     0.00000336925300
5.15662370975605     0.00000000005259
5.15666647617062     0.00000039839333
5.15677778934464     0.00000002151585
5.15681682747364     0.00000000001168
5.15686913602899     0.00000000005059
5.15692004148029     0.00000264891289
5.15699806834824     0.00000000000002
5.15702823703612     0.00000028675551
5.15705160341193     0.00000000025237
5.15707581949481     0.00000186640688
5.15715930887730     0.00000000000228
5.15722823817985     0.00000236420672
5.15726729246601     0.00000000001752
5.15735285187607     0.00000006410097
5.15746069286590     0.00000000203704
5.15748250378704     0.00001522705561
5.15768462598851     0.00000000000333
5.15771713011120     0.00000014226816
5.15784451198754     0.00000000000337
5.15786135415698     0.00000000002370
5.15795506996270     0.00000076344624
5.15797306655078     0.00000000004941
5.15802494178431     0.00002657872013
5.15816926761437     0.00000000001069
5.15818035682189     0.00000264066268
5.15824184873825     0.00000000002640
5.15828839251075     0.00000000003108
5.15836209313111     0.00000000000514
5.15840596515179     0.00000975617976
5.15841374951652     0.00000000273168
5.15847974855171     0.00000100792302
5.15860602330106     0.00000000000378
5.15865605665618     0.00000038956412
5.15873849817947     0.00000193700875
5.15883253510330     0.00000126726686
5.15884956735498     0.00000000012306
5.15888022065656     0.00000000192065
5.15888858069077     0.00002350741666
5.15910583231376     0.00000000005266
5.15912674718606     0.00003716472017
5.15926143893654     0.00001180581648
5.15926380788555     0.00000001707211
5.15927691743312     0.00000018421831
5.15940828430260     0.00000978071331
5.15947980744603     0.00000337918154
5.15954271091973     0.00000000000002
5.15963569328393     0.00000407962497
5.15970142547189     0.00000000005935
5.15973207062464     0.00001429640920
5.15984280084790     0.00002385156168
5.15994563944724     0.00000000007614
5.16001235811731     0.00000000000487
5.16005324096159     0.00000067618621
5.16010319677804     0.00000000016824
5.16023100183637     0.00000000039489
5.16025932520172     0.00003252420436
5.16047023322180     0.00002551558650
5.16057319791302     0.00000000000892
5.16071272263243     0.00000000113000
5.16074968302497     0.00005124808046
5.16094556003643     0.00000000000259
5.16097899481916     0.00000000002380
5.16113331028938     0.00000231415111
5.16115356233433     0.00000000034527
5.16120700544751     0.00002254474863
5.16141728291943     0.00000000085049
5.16147900661111     0.00009977644684
5.16160332917295     0.00000191738874
5.16167277727144     0.00000000016424
5.16182464207781     0.00000000004312
5.16184691891656     0.00000052307776
5.16195710938733     0.00001004619924
5.16204235098522     0.00000000119466
5.16204660589914     0.00002740687211
5.16236253927633     0.00000000002644
5.16245690511222     0.00000000000879
5.16246749070795     0.00000020782881
5.16259602291485     0.00003562384005
5.16284554205934     0.00000000000199
5.16287941674340     0.00000237038331
5.16292722126973     0.00000000000058
5.16301891023092     0.00000605218858
5.16304088283614     0.00000000002394
5.16321387680398     0.00000000000634
5.16322254653451     0.00000025996215
5.16349397885716     0.00000288451353
5.16393487949074     0.00000307765791
5.16410754665231     0.00000000000035
5.16422003363157     0.00000385999076
5.16445751230723     0.00000008989968
5.16451037073260     0.00000000000442
5.16474732897705     0.00000000000088
5.16492176186857     0.00000029965359
5.16495301873655     0.00000000000365
5.16517154466120     0.00000000000003
5.16521875628555     0.00000000008411
5.16538367291400     0.00009792117883
5.16546911895482     0.00002739236002
5.16553366961672     0.00000000005483
5.16561007876551     0.00000000216878
5.16562670571453     0.00007452376224
5.16570372634044     0.00012028922041
5.16592728127461     0.00000000003792
5.16659704191156     0.00000000000746
5.16671879449806     0.00014621094704
5.16689451720998     0.00001056264653
5.16696325885817     0.00000000002485
5.16703010093767     0.00000000000447
5.16721538672164     0.00000024987882
5.16742893300408     0.00000000000697
5.16758478264899     0.00000070525853
5.16783337379752     0.00000000000346
5.16821400652503     0.00000005104432
5.16851670333400     0.00001092963589
5.16891041185883     0.00000432332013
5.16967367599463     0.00000000000009
5.16967970020518     0.00000000239597
5.16991923159243     0.00007462981109
5.16999703721981     0.00000000006764
5.17096832304324     0.00000000000020
5.17157310070975     0.00000000000005
5.17160693860128     0.00000000000000
5.17171691103528     0.00000006529017
5.17211693858998     0.00000000000027
5.17262302319822     0.00001022154359
5.17275548956759     0.00000000000762
5.17330960759620     0.00000000000090
5.17364575049155     0.00000412427126
5.17422429248638     0.00000000001988
5.17512619065249     0.00080346164762
5.17561964747950     0.00000000001398
5.17592562456505     0.00000083299015
5.17645353777724     0.00010674341159
5.17682226556459     0.00000000002352
5.17720886320641     0.00000574114720
5.17762060449629     0.00017949961706
5.17811542367666     0.00000000000487
5.17815913363095     0.00006068224499
5.17971860063553     0.00000335332915
5.18133054776761     0.00000000000237
5.18147282398570     0.00000003190117
5.18156294868808     0.00000000000057
5.18228863881076     0.00000000001594
5.18597473277893     0.00000470385220
5.18766784852626     0.00177274757459
5.18786980923048     0.00000000022735
5.18836470071266     0.00000000000003
5.18946732037194     0.00000000000002
5.18965299224287     0.00000019840724
5.18993903847102     0.00017109573810
5.19027902654283     0.00000000000002
5.19663091162696     0.00000000000001
5.19977873136555     0.00000512080717
5.20048033116366     0.00828631330244
5.20075152699803     0.00000000003907
5.20086218504131     0.02120533776468
5.53987651426614     0.00000001720453
5.53987913140986     0.00000001381085
5.57559567414396     0.00000001409655
5.57559826780397     0.00000000967265
5.57677029078450     0.00000001387726
5.57677284771914     0.00000001115501
5.57853281321467     0.00000001297711
5.57853534029765     0.00000001347303
5.58624031455368     0.00000001024871
5.58624508666994     0.00000001078689
5.59884222571048     0.00000000857629
5.59884483103790     0.00000000660571
5.60052245153601     0.00000000790547
5.60052499181379     0.00000000833744
5.60473499939182     0.00000000818879
5.60473756401817     0.00000000718686
5.60627154147472     0.00000000838052
5.60627867320739     0.00000000860426
5.61041963291431     0.00000001219854
5.61042174091354     0.00000001543798
5.61256953970465     0.00000000736594
5.61257668770657     0.00000000770991
5.61621244930354     0.00000000849302
5.61621360149139     0.00000000610227
5.61668230370184     0.00000000742288
5.61668342972874     0.00000000942330
5.61725513507733     0.00000000670876
5.61726230313191     0.00000000744693
5.61819974536413     0.00000001072502
5.61820105718113     0.00000000314701
5.62088961198823     0.00000000716708
5.62089231621256     0.00000000719698
5.62238602186553     0.00000000711567
5.62238862241117     0.00000000670096
5.62379748949627     0.00000000483900
5.62380006020519     0.00000000526367
5.62567490119567     0.00000000780812
5.62568202758418     0.00000000910473
5.62605114863954     0.00000000654606
5.62605367170574     0.00000000817582
5.62720023405191     0.00000000802291
5.62720283878540     0.00000000510500
5.62747250493942     0.00000000710525
5.62747514839342     0.00000000753993
5.62793047245881     0.00000000754777
5.62793302214082     0.00000000627185
5.62876988866799     0.00000000964984
5.62877198883919     0.00000001067022
5.62946157980288     0.00000000662224
5.62946432714619     0.00000000786013
5.62991402329600     0.00000000631860
5.62991660436289     0.00000000632518
5.63028094662470     0.00000000650811
5.63028346639781     0.00000000747474
5.63034052862681     0.00000001127829
5.63034197401657     0.00000000230245
5.63197214128778     0.00000000665829
5.63197466237836     0.00000000598982
5.63311443824344     0.00000000612080
5.63311696504414     0.00000000697903
5.63386522431189     0.00000000703411
5.63386629491087     0.00000000637384
5.63664359208159     0.00000000630609
5.63664617358676     0.00000000715082
5.63824790895204     0.00000000994850
5.63824851863664     0.00000000296675
5.63878946529991     0.00000000930618
5.63879205757041     0.00000000842058
5.63951184041567     0.00000000554447
5.63951444767318     0.00000000694342
5.63997138057066     0.00000000718201
5.63997846024691     0.00000000543912
5.63998289246393     0.00000001306085
5.63999135855696     0.00000001125572
5.64166389291665     0.00000000930600
5.64166599930117     0.00000000794405
5.64414228219165     0.00000000602965
5.64415064808594     0.00000000598066
5.64655372685768     0.00000001129016
5.64655682127019     0.00000001230316
5.64717702414714     0.00000000343343
5.64718340949725     0.00000000356982
5.65082859593690     0.00000000801984
5.65083558501095     0.00000000843807
5.65124490557809     0.00000000809359
5.65125187487425     0.00000000822137
5.65152941465226     0.00000000754848
5.65153147723182     0.00000001003318
5.65201218171728     0.00000000795940
5.65201914228730     0.00000000788630
5.65254197275768     0.00000000623855
5.65255033161266     0.00000000577201
5.65292582679520     0.00000000778627
5.65293282093495     0.00000000779149
5.65466392163322     0.00000000971976
5.65466652095480     0.00000000602933
5.65472095622416     0.00000000819707
5.65472785255902     0.00000000825080
5.65479861780637     0.00000000602424
5.65480040005305     0.00000000655022
5.65560435610266     0.00000000121516
5.65561014222437     0.00000000116379
5.65575743298036     0.00000000284239
5.65575843013744     0.00000000199181
5.65666276847363     0.00000001520346
5.65666598914539     0.00000001711756
5.65675499137993     0.00000000636054
5.65676319559192     0.00000000628950
5.65695241679254     0.00000000505824
5.65695424849586     0.00000000561824
5.65755832429708     0.00000000260574
5.65756531546512     0.00000000262975
5.65914080646412     0.00000000638324
5.65914340145583     0.00000000706070
5.65935714883130     0.00000000321300
5.65935816818089     0.00000000341305
5.65949684346907     0.00000000650864
5.65949753746097     0.00000001196473
5.65968867809638     0.00000000739035
5.65969568255215     0.00000000686345
5.66011159814722     0.00000000413180
5.66011349565407     0.00000000628895
5.66013826875545     0.00000000367950
5.66014113440901     0.00000000372652
5.66077587020136     0.00000000650664
5.66077761635148     0.00000000076273
5.66083443741847     0.00000000834647
5.66084268383146     0.00000000777955
5.66108506458950     0.00000000761946
5.66108603331458     0.00000000503960
5.66211646378506     0.00000000895851
5.66211852930832     0.00000000978109
5.66292064193119     0.00000000644716
5.66292271109276     0.00000000907620
5.66299255844992     0.00000001426617
5.66299385396455     0.00000000108048
5.66341686975981     0.00000000441273
5.66341977682768     0.00000000409655
5.66380080944784     0.00000000542194
5.66380348627119     0.00000000604910
5.66408300329290     0.00000000959385
5.66408563233535     0.00000000515760
5.66444987537404     0.00000000267056
5.66445287481794     0.00000000221738
5.66451433199534     0.00000000269383
5.66451620246772     0.00000000380542
5.66507869519114     0.00000000958857
5.66508695085068     0.00000001001242
5.66528862449963     0.00000000531118
5.66529118510667     0.00000000665006
5.66542549925841     0.00000000677259
5.66542808013299     0.00000000683182
5.66555115342115     0.00000000007809
5.66556006851760     0.00000000665618
5.66568010238269     0.00000000996682
5.66568709446487     0.00000001104996
5.66657245717464     0.00000000353343
5.66657319883545     0.00000000981224
5.66663884837366     0.00000000645242
5.66664092519252     0.00000000936076
5.66686028933097     0.00000000135218
5.66686728222066     0.00000000136491
5.66692668623599     0.00000000187480
5.66692770056386     0.00000000305137
5.66701135064975     0.00000000670331
5.66701376742189     0.00000000782683
5.66738887349607     0.00000000409386
5.66738998759537     0.00000000213732
5.66782012918518     0.00000000844974
5.66782710114627     0.00000000892357
5.66857613110710     0.00000000328223
5.66858318893529     0.00000000332111
5.66878211650684     0.00000000700340
5.66878425715131     0.00000000579764
5.66920230421612     0.00000000300084
5.66920674181531     0.00000000284872
5.66926481736018     0.00000000588321
5.66926550758943     0.00000000920578
5.66977927047874     0.00000000336219
5.66978240319661     0.00000000207241
5.66992231653070     0.00000000827063
5.66992899605265     0.00000001039414
5.66993453293365     0.00000000455388
5.66993685396094     0.00000000316965
5.67013452110426     0.00000000515924
5.67014294679777     0.00000000521723
5.67029499807291     0.00000000329434
5.67029759539947     0.00000000207938
5.67040313083152     0.00000000001722
5.67040872097330     0.00000000001736
5.67050908290469     0.00000000263263
5.67051157210140     0.00000000289024
5.67090364784487     0.00000000659477
