# Absorption spectrum
# exc. energy / eV    osc. strength
4.94777467066462     0.00000002151014
4.94895381086482     0.00000000000000
4.95024006568601     0.00000000000001
4.95041226033637     0.00000002504959
4.95205398815400     0.00000000024023
4.95209184625701     0.00000125518527
4.95263286419781     0.00000016635969
4.95298142248178     0.00000000000234
4.95336586909179     0.00000000001846
4.95370895152941     0.00000021697569
4.95429161363415     0.00000085254758
4.95438946323381     0.00000000000066
4.95520862422265     0.00000048418028
4.95685230305411     0.00000000000305
4.95758099074100     0.00000000000028
4.95805050405191     0.00001321256685
4.95809631433391     0.00000000077536
4.95871573652617     0.00000100205601
4.95966710767468     0.00000234875879
4.96054408978547     0.00000636975229
4.96181968373000     0.00000005038662
4.96185837088841     0.00000000000001
4.96242041552499     0.00000000010415
4.96366363413920     0.00010772261341
4.96471518586721     0.00000000209465
4.96508581479349     0.00173384363745
4.96587218422427     0.00000000001192
4.96746183618327     0.00000000022211
4.96834574222543     0.00000355986098
4.96893661206967     0.00051747536734
4.96938514657724     0.00000000000000
4.97145973488692     0.00000000028381
4.97169209561897     0.00010809989688
4.97220361778521     0.00000000014881
4.97440617641616     0.00013172314339
4.97531537178890     0.00000000000412
4.97599730070538     0.00000000005880
4.97653587958859     0.00001713539495
4.97786244734275     0.00000000002023
4.97798935780466     0.00000589106990
4.97837382471830     0.00000122553269
4.97847464739032     0.00000000003857
4.97939644673436     0.00000000007427
4.97987064551195     0.00000000000092
4.98035100240512     0.00006012442731
4.98076180671803     0.00000093472698
4.98202782995578     0.00000000000001
4.98272269512223     0.00000487673844
4.98339700610535     0.00000009567471
4.98397658023672     0.00000000000005
4.98508591065509     0.00000000000006
4.98565596389370     0.00000504751508
4.98620238273491     0.00000000000076
4.98652560012629     0.00001531241561
4.98745158600460     0.00000000000081
4.98774556525421     0.00000037372721
4.98803439021265     0.00000000000433
4.98884326207401     0.00000419276027
4.98921763717854     0.00000000003857
4.99016329493528     0.00001291944021
4.99022175444003     0.00000000000074
4.99094560418712     0.00000001160657
4.99232767308043     0.00000000000019
4.99246064135751     0.00001568705307
4.99306821840991     0.00000600260194
4.99394739733061     0.00000000000046
4.99426055691192     0.00000000000244
4.99476087946738     0.00000439557724
4.99505613268835     0.00000000000287
4.99550094471608     0.00000019787670
4.99591683182223     0.00001564025334
4.99617036729850     0.00000000007759
4.99770014117635     0.00000000144098
4.99777521822470     0.00001793885127
4.99826916557728     0.00000000004245
4.99914986109572     0.00000000179726
5.00012099999039     0.00002179461685
5.00025435668066     0.00000000043712
5.00154564535575     0.00000000006046
5.00213570161050     0.00006254456345
5.00340812601815     0.00005504897920
5.00551183673061     0.00000000000182
5.00779400053038     0.00000000000745
5.00907305025718     0.00053239688171
5.00954410686844     0.00000000011083
5.01041924366767     0.00000000136841
5.01042351263534     0.00000130775277
5.01075301558710     0.00000084948705
5.01119482679915     0.00000000003967
5.01123148784917     0.00000126753200
5.01181666177989     0.00000303883045
5.01293816922008     0.00000251182259
5.01328300306267     0.00000000000018
5.01418743253507     0.00001577047799
5.01422025526044     0.00000000012673
5.01472207794467     0.00000000031678
5.01482292101603     0.00001162679623
5.01581816239025     0.00000000000752
5.01641723823801     0.00000782366667
5.01678361988817     0.00000000000093
5.01768232798242     0.00000000002034
5.01780289088978     0.00000203615096
5.01841816003307     0.00000794727523
5.01877281696045     0.00000000000016
5.02054803943446     0.00000759368595
5.02086299902669     0.00000000005594
5.02300828963522     0.00020428722067
5.02360096729440     0.00000000018047
5.02431169293984     0.00004556704470
5.02451451775566     0.00000427930797
5.02463208486522     0.00000000008181
5.02643686285640     0.00000000000135
5.02700369057602     0.00000026320682
5.02844590520867     0.00000000001047
5.02911868892086     0.00000229459818
5.02933628020130     0.00000000001229
5.03058999549333     0.00000073164105
5.03164153527549     0.00000000005259
5.03195060545210     0.00000903221497
5.03312019782941     0.00000000006768
5.03330206975603     0.00001012800864
5.03405182252578     0.00000000001330
5.03418249654360     0.00001910629733
5.03446948840518     0.00020218389608
5.03532866836077     0.00000000000075
5.03589621775055     0.00000000000265
5.03681510168066     0.00000000000179
5.03709979590807     0.00000067801643
5.03741940911218     0.00000000000003
5.03779876875352     0.00000000273030
5.03868665481450     0.00000000002761
5.03876785085397     0.00000068557654
5.03929933096251     0.00000000000498
5.03978785733355     0.00000000994686
5.03996390909914     0.00000000000010
5.04071860737716     0.00000000000193
5.04123500225881     0.00001505937010
5.04172822212406     0.00003663951424
5.04217982881010     0.00012617009103
5.04335132213502     0.00000000000314
5.04379184735421     0.00003915770065
5.04487157984779     0.00000945014023
5.04487220940730     0.00000242324399
5.04519334384406     0.00000015625260
5.04656529338631     0.00000000000597
5.04709144499848     0.00000000000054
5.04730217023967     0.00000241305060
5.04801056640832     0.00000000001441
5.04843507233760     0.00000011313192
5.04882384966115     0.00000000467160
5.04886925966199     0.00000000000897
5.04909399821603     0.00000000001081
5.04940617290057     0.00000000000224
5.04971980566023     0.00000802161702
5.04979529265040     0.00000000015017
5.05078483706206     0.00005901788443
5.05079694357873     0.00000002755313
5.05139310560716     0.00000129177992
5.05196172646701     0.00000076988425
5.05245020225002     0.00000000001258
5.05331818637989     0.00000105102794
5.05367856129672     0.00000000001070
5.05375551122712     0.00000638427094
5.05455133437391     0.00000054423613
5.05481485231207     0.00000000000267
5.05503936070502     0.00000025374102
5.05521165708727     0.00000000000006
5.05576752879143     0.00000244626328
5.05603372246685     0.00000000000096
5.05670346740818     0.00000000000321
5.05679091574541     0.00000613416739
5.05760255691733     0.00000083560925
5.05780767728439     0.00000000000231
5.05868717581051     0.00000471879101
5.05899260591520     0.00000000000448
5.06030828023427     0.00010211246503
5.06037039970309     0.00058695964167
5.06098394513800     0.00000000003005
5.06190879740025     0.00000966630649
5.06234242403600     0.00000000002424
5.06279885678083     0.00000000003214
5.06393153639186     0.00000848358948
5.06477900054514     0.00078747431105
5.06591385750077     0.00000000003847
5.06640799057850     0.00002630930814
5.06696681786710     0.00000000002375
5.06831088749256     0.00000000004745
5.06960198482961     0.00001001508202
5.07091186564589     0.00000000792295
5.07091418177466     0.00000512700860
5.07217982271846     0.00013685931845
5.07232613833061     0.00000000019786
5.07408665075935     0.00000000001584
5.07710619595018     0.08278603147607
5.07897321207640     0.00082455356311
5.08024788347062     0.00000000064497
5.08060862550189     0.01076903117490
5.08134793896736     0.00000000010316
5.08265749539863     0.00000000022171
5.08315103874754     0.00175571085800
5.08884886487787     0.00000000000026
5.08985940535477     0.00001697771388
5.09940127277418     0.00000000000003
5.10147917873962     0.00000045063420
5.15373974151078     0.00000000000000
5.15403635727810     0.00001194994572
5.15431540884421     0.00000296612998
5.15434401899562     0.00000000004557
5.15434677883940     0.00000029082030
5.15439283619368     0.00000000003356
5.15452662263893     0.00000979174224
5.15452848505903     0.00000001816161
5.15457359439331     0.00000000043575
5.15469252212117     0.00000005766996
5.15472361869764     0.00000000072374
5.15473822424543     0.00000509885813
5.15482365133805     0.00000000693634
5.15487390225879     0.00000000000174
5.15489200778526     0.00000000000227
5.15492702959020     0.00000037133246
5.15496609516940     0.00000010546200
5.15503723747830     0.00000000007254
5.15504898047473     0.00000167602514
5.15512203748380     0.00000000001725
5.15520733560194     0.00000000003574
5.15523588368102     0.00000041247298
5.15526649690755     0.00000239521852
5.15538324008260     0.00000156536019
5.15539411047821     0.00000000152887
5.15543396775781     0.00000680553022
5.15554249537843     0.00000000030495
5.15557295972246     0.00000451240000
5.15557935674499     0.00000000176726
5.15567509393963     0.00000000000368
5.15574777737646     0.00000639121645
5.15580479551842     0.00000201280950
5.15582792956889     0.00000000005157
5.15587478950443     0.00000000000117
5.15593065514442     0.00000388567127
5.15595825762820     0.00000141586654
5.15599084952646     0.00000000006560
5.15603017228288     0.00000090544830
5.15609687410185     0.00000000000005
5.15616781604093     0.00000054613829
5.15617289883001     0.00000000016887
5.15621898503879     0.00000067616296
5.15622291672822     0.00000000008190
5.15634174119580     0.00000000000497
5.15650970439851     0.00000000001030
5.15653577951515     0.00000048948109
5.15661306937373     0.00000436338413
5.15662370973947     0.00000000003050
5.15666606541853     0.00000001061829
5.15677794864463     0.00000010583068
5.15681682748034     0.00000000001147
5.15686913605219     0.00000000004468
5.15692170398965     0.00000267433350
5.15699806834825     0.00000000000002
5.15702887783373     0.00000053344270
5.15705160341965     0.00000000017396
5.15707666723566     0.00000175782208
5.15715930888119     0.00000000000370
5.15722676803457     0.00000081128895
5.15726729246450     0.00000000001045
5.15735353372562     0.00000036334777
5.15746069274116     0.00000000144848
5.15748078767439     0.00000913235431
5.15768462598661     0.00000000000120
5.15771703074037     0.00000004296067
5.15784451198978     0.00000000000302
5.15786135417780     0.00000000002287
5.15795519130204     0.00000047085123
5.15797306653638     0.00000000002552
5.15803512844139     0.00002287162183
5.15816926762390     0.00000000001544
5.15817779823020     0.00000031181127
5.15824184874182     0.00000000001947
5.15828839251645     0.00000000002369
5.15836209312931     0.00000000000288
5.15840389304241     0.00000534434348
5.15841374901586     0.00000000088873
5.15848148768682     0.00000155341110
5.15860602330920     0.00000000000584
5.15865608211474     0.00000025422658
5.15874284055441     0.00000266742217
5.15883287385107     0.00000087482761
5.15884956737813     0.00000000008043
5.15888022089952     0.00000000064414
5.15889273019669     0.00001798085126
5.15910583232746     0.00000000002490
5.15912820522383     0.00002686227487
5.15925741908197     0.00000558736080
5.15926380560615     0.00000000093639
5.15927680655817     0.00000000201901
5.15940813098770     0.00000617867948
5.15948118964830     0.00000297069062
5.15954271091978     0.00000000000004
5.15963528942760     0.00000242987517
5.15970142545900     0.00000000003112
5.15973898286977     0.00001226949305
5.15984033735139     0.00001526201245
5.15994563945958     0.00000000005696
5.16001235811562     0.00000000000234
5.16005368958710     0.00000062279777
5.16010319682853     0.00000000012480
5.16023100194769     0.00000000016323
5.16026967650333     0.00002528174170
5.16047555891090     0.00002002882196
5.16057319792298     0.00000000001126
5.16071272289302     0.00000000048161
5.16076671182842     0.00004557795644
5.16094556003608     0.00000000000174
5.16097899483259     0.00000000002485
5.16113813226667     0.00000246757302
5.16115356293090     0.00000000042939
5.16121998799036     0.00002409340466
5.16141728287232     0.00000000083998
5.16146963356139     0.00007274065245
5.16160370119039     0.00000180968538
5.16167277726525     0.00000000011653
5.16182464205586     0.00000000001922
5.16184634125196     0.00000003777643
5.16195223477071     0.00000508821478
5.16204235025350     0.00000001330716
5.16204348413661     0.00001664332816
5.16236253928208     0.00000000002194
5.16245690511529     0.00000000000751
5.16246763602574     0.00000021078749
5.16259476452157     0.00002462389252
5.16284554206136     0.00000000000249
5.16287998864006     0.00000199971947
5.16292722127001     0.00000000000057
5.16302167014304     0.00000597983743
5.16304088285792     0.00000000003904
5.16321387680073     0.00000000000301
5.16322228867645     0.00000004943512
5.16349446820727     0.00000233039825
5.16393775844969     0.00000341325624
5.16410754665219     0.00000000000023
5.16421565008046     0.00000133445329
5.16445751142783     0.00000006456742
5.16451037072742     0.00000000000183
5.16474732897769     0.00000000000074
5.16492376636572     0.00000032960844
5.16495301872639     0.00000000000246
5.16517154466126     0.00000000000000
5.16521875628646     0.00000000006298
5.16537494168504     0.00006800329269
5.16548021108252     0.00002247249620
5.16553366962677     0.00000000004804
5.16561007872685     0.00000000212280
5.16562433309415     0.00005827037293
5.16570362676299     0.00008817351143
5.16592728127072     0.00000000002405
5.16659704191194     0.00000000000527
5.16672265504023     0.00010999968467
5.16689849496413     0.00001290462535
5.16696325887507     0.00000000004043
5.16703010093727     0.00000000000315
5.16721527394290     0.00000010903551
5.16742893300372     0.00000000000513
5.16758599443293     0.00000125400560
5.16783337379541     0.00000000000162
5.16821399948289     0.00000003766611
5.16850931342720     0.00000563558893
5.16890899025939     0.00000284633221
5.16967367599375     0.00000000000000
5.16967973918000     0.00000000516912
5.16989241877732     0.00004987477033
5.16999703720141     0.00000000002495
5.17096832304331     0.00000000000017
5.17157310071002     0.00000000000007
5.17160693860155     0.00000000000003
5.17171816696554     0.00000018157986
5.17211693859057     0.00000000000024
5.17262150293472     0.00000824705759
5.17275548956814     0.00000000000605
5.17330960759598     0.00000000000077
5.17364896337425     0.00000243992225
5.17422429248569     0.00000000001786
5.17505026179299     0.00065164611209
5.17561964748000     0.00000000001044
5.17592581612875     0.00000073566147
5.17644192389038     0.00007827900726
5.17682226556338     0.00000000001733
5.17721280202740     0.00000439199230
5.17761998818566     0.00014417095998
5.17811542367631     0.00000000000410
5.17816003120954     0.00004961637697
5.17972883279658     0.00000288088698
5.18133054776753     0.00000000000211
5.18147291393077     0.00000000085650
5.18156294868788     0.00000000000057
5.18228863880750     0.00000000001578
5.18597266494022     0.00000856957328
5.18754855559448     0.00189490318786
5.18786980922235     0.00000000010497
5.18836470071266     0.00000000000001
5.18946732037194     0.00000000000004
5.18965302629085     0.00000018840076
5.18989506068363     0.00020572562104
5.19027902654283     0.00000000000002
5.19663091162692     0.00000000000096
5.19734218547451     0.01855240735576
5.19979375922538     0.00012917881652
5.20058934813338     0.00000363183058
5.20075152699829     0.00000000000000
5.53987664142735     0.00000005257081
5.53987924329079     0.00000005069345
5.57559578278806     0.00000004281690
5.57559834802011     0.00000003401558
5.57677039098385     0.00000004006027
5.57677293439184     0.00000003728748
5.57853290048286     0.00000003539728
5.57853543777833     0.00000004252720
5.58624039560488     0.00000003209730
5.58624517514299     0.00000003626888
5.59884230983761     0.00000003023856
5.59884489976484     0.00000002620082
5.60052252558973     0.00000002668926
5.60052507489234     0.00000003184910
5.60473507695701     0.00000002791135
5.60473763619223     0.00000002753521
5.60627162166311     0.00000002940731
5.60627875745888     0.00000003161769
5.61041960346704     0.00000000398834
5.61042170478965     0.00000000474259
5.61256961617184     0.00000002701391
5.61257676961734     0.00000002955584
5.61621253205422     0.00000002784872
5.61621366931589     0.00000002604013
5.61668236366848     0.00000002091099
5.61668351632258     0.00000003434636
5.61725520522575     0.00000002463766
5.61726238264591     0.00000002851440
5.61819985536911     0.00000003797793
5.61820109338664     0.00000001401987
5.62088968397513     0.00000002497858
5.62089239257227     0.00000002798930
5.62238609575086     0.00000002525332
5.62238869604176     0.00000002663942
5.62379753998420     0.00000001730654
5.62380011747443     0.00000002046977
5.62567498227009     0.00000002819363
5.62568212451257     0.00000003455773
5.62605121546935     0.00000002257508
5.62605376045586     0.00000003188061
5.62720031313586     0.00000002761780
5.62720289173904     0.00000001945874
5.62747256761055     0.00000002237210
5.62747521915182     0.00000002626407
5.62793054269244     0.00000002478834
5.62793308359125     0.00000002284481
5.62876986318921     0.00000000257886
5.62877196136867     0.00000000271135
5.62946164098726     0.00000002138758
5.62946440349755     0.00000002805292
5.62991409209836     0.00000002227031
5.62991667712033     0.00000002487620
5.63028100967336     0.00000002202580
5.63028354295224     0.00000002824338
5.63034064610134     0.00000004003110
5.63034200060102     0.00000001004036
5.63197220843889     0.00000002306194
5.63197472600761     0.00000002301717
5.63311449954089     0.00000002042713
5.63311703864333     0.00000002591147
5.63386528992268     0.00000002176873
5.63386636222520     0.00000002528814
5.63664365597662     0.00000002022947
5.63664624826874     0.00000002554751
5.63824787199034     0.00000000141370
5.63824850839638     0.00000000035994
5.63878943823603     0.00000000322602
5.63879203355616     0.00000000280599
5.63951189798876     0.00000001916171
5.63951452351809     0.00000002657091
5.63997144305248     0.00000002257737
5.63997852633014     0.00000002219911
5.63998287212603     0.00000000652876
5.63999133533389     0.00000000382653
5.64166386748156     0.00000000231836
5.64166597806167     0.00000000189384
5.64414233566427     0.00000001905476
5.64415070180785     0.00000001939136
5.64655377316596     0.00000002196523
5.64655687368908     0.00000002559319
5.64717701206169     0.00000000023500
5.64718339692496     0.00000000022859
5.65082857222741     0.00000000163043
5.65083556017429     0.00000000169181
5.65124488405999     0.00000000222753
5.65125185313598     0.00000000223466
5.65152939402204     0.00000000227877
5.65153145043268     0.00000000289246
5.65201216210020     0.00000000272926
5.65201912312556     0.00000000267287
5.65254202544693     0.00000001904218
5.65255038095782     0.00000001805449
5.65292580404857     0.00000000159686
5.65293279826682     0.00000000157758
5.65466389514145     0.00000000307585
5.65466650488473     0.00000000184641
5.65472093726713     0.00000000213318
5.65472783330716     0.00000000203842
5.65479866413499     0.00000001569754
5.65480045498484     0.00000001941972
5.65560435359345     0.00000000046249
5.65561013983824     0.00000000044279
5.65575749355733     0.00000001509202
5.65575847747400     0.00000001316311
5.65666272774151     0.00000000484180
5.65666594453291     0.00000000517003
5.65675497109395     0.00000000075830
5.65676317560315     0.00000000074030
5.65695246090939     0.00000001551501
5.65695430093890     0.00000001913326
5.65755834015078     0.00000001043170
5.65756533149012     0.00000001062311
5.65914087015821     0.00000002149956
5.65914347576632     0.00000002644933
5.65935719832563     0.00000001313456
5.65935822647834     0.00000001723859
5.65949682451399     0.00000000221741
5.65949750512054     0.00000000351166
5.65968865438119     0.00000000137498
5.65969566066581     0.00000000126009
5.66011161927471     0.00000001416505
5.66011352910480     0.00000002280568
5.66013830742756     0.00000001226036
5.66014117415608     0.00000001312747
5.66077590605325     0.00000002565340
5.66077762048319     0.00000000306121
5.66083441533497     0.00000000241001
5.66084266359092     0.00000000229328
5.66108512093023     0.00000001983487
5.66108607460682     0.00000001608704
5.66211643899006     0.00000000272487
5.66211850279599     0.00000000282931
5.66292061879727     0.00000000173329
5.66292267939365     0.00000000231414
5.66299252784705     0.00000000492652
5.66299385169685     0.00000000035482
5.66341691798521     0.00000001552940
5.66341982297151     0.00000001538511
5.66380079152102     0.00000000026406
5.66380346651885     0.00000000028684
5.66408300986931     0.00000000278576
5.66408563584468     0.00000000150879
5.66444988683767     0.00000001290066
5.66445288435220     0.00000001088956
5.66451436176465     0.00000001147882
5.66451624682205     0.00000001758758
5.66507869032859     0.00000000443301
5.66508694578437     0.00000000461419
5.66528861387982     0.00000000063949
5.66529117200409     0.00000000078017
5.66542552399053     0.00000001669120
5.66542810555367     0.00000001749863
5.66555115432472     0.00000000029336
5.66556014793385     0.00000002587957
5.66568001065742     0.00000000580784
5.66568699408124     0.00000000605636
5.66657244579530     0.00000000084993
5.66657316893233     0.00000000210346
5.66663883872554     0.00000000186809
5.66664091105127     0.00000000264910
5.66686032136710     0.00000000904714
5.66686731522973     0.00000000940220
5.66692671444240     0.00000000818279
5.66692775012384     0.00000001550777
5.66701139488674     0.00000001673144
5.66701382101511     0.00000002111793
5.66738892589322     0.00000001617010
5.66739001706919     0.00000000979654
5.66782010613268     0.00000000276956
5.66782707696931     0.00000000288414
5.66857611719022     0.00000001133515
5.66858317505748     0.00000001141353
5.66878206713115     0.00000000163693
5.66878421797972     0.00000000124801
5.66920233268410     0.00000000948486
5.66920676943108     0.00000000922496
5.66926486636941     0.00000001461602
5.66926560134644     0.00000003396523
5.66977931510521     0.00000001382874
5.66978243117082     0.00000000896528
5.66992234050358     0.00000001298963
5.66992902096154     0.00000001440464
5.66993451002126     0.00000000048793
5.66993683230465     0.00000000009754
5.67013456791466     0.00000001710657
5.67014299469975     0.00000001769821
5.67029523562533     0.00000001354157
5.67029777388265     0.00000001192134
5.67040314684117     0.00000000045399
5.67040873779404     0.00000000050307
5.67050911503700     0.00000001125696
5.67051160768218     0.00000001282707
5.67090360608772     0.00000000130647
