# Absorption spectrum
# exc. energy / eV    osc. strength
4.58927063378868     0.10963987910411
4.94777478865655     0.00000002390848
4.94895381086483     0.00000000000000
4.95024006568606     0.00000000000001
4.95041248513847     0.00000004762826
4.95205398897692     0.00000000012735
4.95209665945034     0.00000083693125
4.95263332388918     0.00000006990082
4.95298142248927     0.00000000000121
4.95336586915045     0.00000000000937
4.95370941793737     0.00000005990074
4.95429462710096     0.00000049328239
4.95438946323596     0.00000000000035
4.95521056372047     0.00000032482912
4.95685230306132     0.00000000000095
4.95758099074137     0.00000000000003
4.95806767858322     0.00000128516343
4.95809631582841     0.00000000016518
4.95871981754015     0.00000062298056
4.95967438840024     0.00000099637422
4.96055667239217     0.00000140079586
4.96181974239799     0.00000000431609
4.96185837090434     0.00000000000247
4.96242041562861     0.00000000000662
4.96372536941724     0.00000195237143
4.96471518628378     0.00000000000487
4.96587218421916     0.00000000000031
4.96746183468415     0.00000000075482
4.96770057275871     0.00011378274803
4.96835151021633     0.00000066579793
4.96938514657735     0.00000000000000
4.97124348921224     0.00011645952600
4.97145973611351     0.00000000040781
4.97220361729257     0.00000000013381
4.97333352915888     0.00036700151306
4.97531537174290     0.00000000003270
4.97596396102181     0.00048639503602
4.97599731181394     0.00000015921356
4.97705506981771     0.00057533434654
4.97786244756937     0.00000000018083
4.97806800602790     0.00008368618561
4.97837993832066     0.00000575735970
4.97847464771925     0.00000000033336
4.97939644705708     0.00000000016951
4.97987064551557     0.00000000000145
4.98063108164713     0.00011783577051
4.98079254384261     0.00004505225341
4.98202782995579     0.00000000000000
4.98276674856936     0.00002363520678
4.98339733896040     0.00000014135402
4.98397658023713     0.00000000000020
4.98508591065519     0.00000000000002
4.98568794322492     0.00001327931855
4.98620238273966     0.00000000000201
4.98654461359969     0.00000228804243
4.98745158600541     0.00000000000003
4.98774668336053     0.00000034713481
4.98803439022419     0.00000000000335
4.98885848882432     0.00000492678006
4.98921763726059     0.00000000002083
4.99018624063446     0.00000485816693
4.99022175444085     0.00000000000002
4.99094827739544     0.00000108680018
4.99232767308057     0.00000000000000
4.99248351141800     0.00000381926574
4.99307627268154     0.00000116223337
4.99394739733130     0.00000000000012
4.99426055691465     0.00000000000027
4.99479517726174     0.00001129041079
4.99505613274420     0.00000000002165
4.99550486723219     0.00000139574917
4.99594084495210     0.00000439109759
4.99617036748458     0.00000000004742
4.99770014311375     0.00000000028842
4.99781041547617     0.00000763639205
4.99826916565936     0.00000000001803
4.99915034434681     0.00000016427837
5.00015620498179     0.00000654154618
5.00025435763312     0.00000000023916
5.00154564543668     0.00000000001263
5.00222615355179     0.00001512733855
5.00348716605974     0.00001313655390
5.00551183673453     0.00000000000082
5.00779400053621     0.00000000000043
5.00954410671686     0.00000000002565
5.01022012793496     0.00025674205366
5.01041924472125     0.00000000016656
5.01042468179755     0.00000003173854
5.01076327018204     0.00000753185320
5.01119482690703     0.00000000003309
5.01124877264144     0.00000962204338
5.01182707349670     0.00000416009366
5.01294562419771     0.00000241952339
5.01328300306354     0.00000000000031
5.01422025462876     0.00000000031325
5.01424136958562     0.00001700269237
5.01472207849167     0.00000000012944
5.01484842645795     0.00000746764327
5.01581816239630     0.00000000000053
5.01642451501120     0.00000092793393
5.01678361989051     0.00000000000066
5.01768232800327     0.00000000000318
5.01780593177528     0.00000066212164
5.01842433416175     0.00000054479665
5.01877281696083     0.00000000000010
5.02055663618540     0.00000148815274
5.02086299906423     0.00000000000238
5.02323182982126     0.00003748123484
5.02360096762747     0.00000000009111
5.02438702965819     0.00001727960091
5.02452583046921     0.00000426226093
5.02463208510783     0.00000000009080
5.02643686286463     0.00000000000266
5.02700382647579     0.00000000036562
5.02844590521447     0.00000000000023
5.02911978921695     0.00000000039296
5.02933628020847     0.00000000000043
5.03059077494515     0.00000014586535
5.03164153530479     0.00000000000204
5.03195767852519     0.00000101448796
5.03312019787092     0.00000000000455
5.03330670038747     0.00000016600546
5.03405182253033     0.00000000000000
5.03418951260451     0.00000022379404
5.03456670350667     0.00000283624141
5.03532866836121     0.00000000000003
5.03589621775226     0.00000000000018
5.03681510168146     0.00000000000002
5.03710007823597     0.00000000125592
5.03741940911220     0.00000000000000
5.03779877301966     0.00000000099063
5.03868665482620     0.00000000000034
5.03876828998476     0.00000005439847
5.03929933096473     0.00000000000011
5.03978786152993     0.00000000016395
5.03996390909918     0.00000000000000
5.04071860737787     0.00000000000001
5.04124200755687     0.00000058533151
5.04174295460963     0.00000084442958
5.04222663816329     0.00000038646088
5.04335132213869     0.00000000000075
5.04382535660715     0.00000600539994
5.04487207546550     0.00000000114306
5.04488407928718     0.00000257437965
5.04519347380332     0.00000002438942
5.04656529339079     0.00000000000079
5.04709144499883     0.00000000000005
5.04730344906457     0.00000016416801
5.04801056641295     0.00000000000012
5.04843851267108     0.00000100881676
5.04882739547549     0.00000106548000
5.04886925970180     0.00000000001214
5.04909399821962     0.00000000000017
5.04940617290141     0.00000000000007
5.04972201133659     0.00000000449558
5.04979529269421     0.00000000000052
5.05079692066905     0.00000000043137
5.05080090898983     0.00000010311252
5.05139349827297     0.00000001444584
5.05196195220195     0.00000000829012
5.05245020225419     0.00000000000030
5.05331856552632     0.00000003710925
5.05367856129939     0.00000000000006
5.05375788676827     0.00000025364982
5.05455495357171     0.00000101479484
5.05481485231340     0.00000000000022
5.05503948784900     0.00000002074342
5.05521165708728     0.00000000000000
5.05576836411842     0.00000009141114
5.05603372246707     0.00000000000000
5.05670346740887     0.00000000000002
5.05679219984145     0.00000001541633
5.05760274471867     0.00000000812700
5.05780767728492     0.00000000000003
5.05868816305328     0.00000004569424
5.05899260591617     0.00000000000006
5.06031460500632     0.00000002101497
5.06048997915206     0.00000258282909
5.06098394514406     0.00000000000001
5.06191068734238     0.00000008458927
5.06234242403996     0.00000000000004
5.06279885678634     0.00000000000020
5.06393301101126     0.00000011165470
5.06489334147770     0.00000285680349
5.06591385750613     0.00000000000009
5.06641504929965     0.00000107420793
5.06696681787067     0.00000000000024
5.06831088749718     0.00000000000000
5.06960281145515     0.00000000027219
5.07091186719355     0.00000000018786
5.07091604375258     0.00000041318545
5.07218902344146     0.00000046943761
5.07232613834448     0.00000000000078
5.07408665076001     0.00000000000003
5.07896100763703     0.00000239505741
5.08024788334091     0.00000000008245
5.08029076539049     0.00002274883981
5.08134793896520     0.00000000000027
5.08265749538702     0.00000000000043
5.08306175947126     0.00000157670539
5.08884886487784     0.00000000000000
5.08985728985242     0.00000000788169
5.09940127277417     0.00000000000000
5.10148550779749     0.00000162938979
5.15373974151078     0.00000000000000
5.15402057083821     0.00000062555318
5.15431155780209     0.00000017458514
5.15434401892901     0.00000000000144
5.15434640674689     0.00000000715737
5.15439283614859     0.00000000000157
5.15451419358102     0.00000051999012
5.15452848205451     0.00000000001577
5.15457359394780     0.00000000001518
5.15469249777035     0.00000001462681
5.15472361705061     0.00000000008593
5.15473170662044     0.00000018420167
5.15482364348912     0.00000000038350
5.15487390225654     0.00000000000007
5.15489200778290     0.00000000000022
5.15492646440092     0.00000000089037
5.15496593137618     0.00000000000019
5.15503723734853     0.00000000000337
5.15504654981579     0.00000004351333
5.15512203745754     0.00000000000025
5.15520733553721     0.00000000000000
5.15523508869002     0.00000000031103
5.15526283558117     0.00000007260276
5.15538027663064     0.00000003490945
5.15539410800058     0.00000000002164
5.15542375702775     0.00000007713781
5.15554249490960     0.00000000002229
5.15556707596546     0.00000021608366
5.15557935554372     0.00000000002496
5.15567509393373     0.00000000000008
5.15573892142509     0.00000028347910
5.15580241548769     0.00000007205183
5.15582792950703     0.00000000000106
5.15587478950346     0.00000000000018
5.15592485383663     0.00000005772117
5.15595651407163     0.00000000012590
5.15599084943880     0.00000000000006
5.15602894369182     0.00000001018641
5.15609687410179     0.00000000000000
5.15616697191171     0.00000000148357
5.15617289861218     0.00000000000175
5.15621795051937     0.00000000136819
5.15622291662860     0.00000000000008
5.15634174118906     0.00000000000026
5.15650970438045     0.00000000000020
5.15653501067264     0.00000002679778
5.15660642087445     0.00000014711751
5.15662370971657     0.00000000000158
5.15666613030083     0.00000001597359
5.15677776946586     0.00000000097743
5.15681682746264     0.00000000000055
5.15686913597926     0.00000000000260
5.15691752390114     0.00000012722341
5.15699806834822     0.00000000000000
5.15702795569686     0.00000001468410
5.15705160315469     0.00000000001395
5.15707402647606     0.00000009156973
5.15715930887503     0.00000000000012
5.15722588131815     0.00000012487554
5.15726729244916     0.00000000000086
5.15735278285528     0.00000000395471
5.15746068630974     0.00000000112219
5.15746737849859     0.00000079507789
5.15768462598517     0.00000000000018
5.15771698443700     0.00000000793723
5.15784451198363     0.00000000000024
5.15786135412867     0.00000000000180
5.15795379806424     0.00000011143874
5.15797306645126     0.00000000001067
5.15799766444655     0.00000145574427
5.15816926760187     0.00000000000078
5.15817790757137     0.00000012044884
5.15824184871269     0.00000000000132
5.15828839247812     0.00000000000182
5.15836209312427     0.00000000000048
5.15839568486220     0.00000057156476
5.15841374826795     0.00000000003037
5.15847878165627     0.00000004924862
5.15860602329670     0.00000000000027
5.15865557711402     0.00000003138856
5.15873583988005     0.00000019283186
5.15882969395494     0.00000032282329
5.15884956693903     0.00000000007483
5.15886111433292     0.00000157433857
5.15888022161916     0.00000000002567
5.15908724693643     0.00000210533742
5.15910583237477     0.00000000000376
5.15925115692305     0.00000046077508
5.15926380508267     0.00000000002447
5.15927681762719     0.00000000286947
5.15939877793434     0.00000048138176
5.15947671221039     0.00000014937910
5.15954271091971     0.00000000000000
5.15963059124972     0.00000033347793
5.15970142533087     0.00000000001783
5.15971521364947     0.00000100118591
5.15982096899981     0.00000101051205
5.15994563937967     0.00000000000319
5.16001235811216     0.00000000000029
5.16005247311049     0.00000004632216
5.16010319656366     0.00000000001454
5.16022148217570     0.00000223088483
5.16023100315330     0.00000000023368
5.16044383213700     0.00000138146373
5.16057319790377     0.00000000000051
5.16070002667457     0.00000242743225
5.16071272569807     0.00000000044247
5.16094556003396     0.00000000000012
5.16097899479469     0.00000000000134
5.16112925986470     0.00000036382392
5.16115356166606     0.00000000006884
5.16117987447640     0.00000159337996
5.16139138076687     0.00000375512339
5.16141728459948     0.00000000017660
5.16160225987849     0.00000003159947
5.16167277716034     0.00000000000400
5.16182464203748     0.00000000000201
5.16184641570199     0.00000002573102
5.16194604224491     0.00000062185849
5.16202499567699     0.00000086442096
5.16204235121429     0.00000000000234
5.16236253924979     0.00000000000142
5.16245690510150     0.00000000000070
5.16246723514505     0.00000001671051
5.16256200439655     0.00000170289069
5.16284554205736     0.00000000000010
5.16287715447230     0.00000011464709
5.16292722126917     0.00000000000003
5.16301303044390     0.00000030294329
5.16304088281755     0.00000000000077
5.16321387679724     0.00000000000038
5.16322227708350     0.00000001486097
5.16349067883051     0.00000020066904
5.16393079055220     0.00000028856065
5.16410754665180     0.00000000000004
5.16421441494396     0.00000043390721
5.16445736417868     0.00000001298760
5.16451037072500     0.00000000000069
5.16474732897506     0.00000000000024
5.16492075025471     0.00000018109304
5.16495301872303     0.00000000000267
5.16511240173711     0.00002262857834
5.16517154466136     0.00000000000005
5.16521875651478     0.00000000003325
5.16544867119870     0.00000057166208
5.16553366941696     0.00000000003873
5.16554505051668     0.00000215610431
5.16561007925275     0.00000000000583
5.16566502842410     0.00000039935329
5.16592728125130     0.00000000000076
5.16657569850757     0.00000693138150
5.16659704195071     0.00000000001093
5.16688866496479     0.00000016960895
5.16696325884333     0.00000000000047
5.16703010093459     0.00000000000011
5.16721517642296     0.00000000941748
5.16742893299737     0.00000000000034
5.16758405578566     0.00000003985511
5.16783337379359     0.00000000000024
5.16821393924017     0.00000000471997
5.16850164278777     0.00000109885337
5.16890401556654     0.00000050217817
5.16967367599434     0.00000000000005
5.16967969249395     0.00000000132074
5.16979577267986     0.00001054275546
5.16999703717570     0.00000000000153
5.17096832304285     0.00000000000004
5.17157310070962     0.00000000000002
5.17160693860128     0.00000000000000
5.17171672529291     0.00000002811836
5.17211693858896     0.00000000000021
5.17256786921493     0.00001479296000
5.17275548953231     0.00000000000869
5.17326227040168     0.00013392364488
5.17330960764281     0.00000000012914
5.17367095782514     0.00000760563868
5.17422429252146     0.00000000000329
5.17561964747122     0.00000000000026
5.17592474676471     0.00000004914580
5.17631118111701     0.00000876904617
5.17682226552982     0.00000000000274
5.17718353109817     0.00000509808261
5.17732703924931     0.00001781700575
5.17808354111839     0.00000454795883
5.17811542368454     0.00000000000068
5.17970400409932     0.00000333146518
5.18082415385785     0.00027198032221
5.18133054779179     0.00000000001314
5.18147307889261     0.00000010835498
5.18156294869212     0.00000000000151
5.18228863886665     0.00000000001043
5.18597774377863     0.00000010241525
5.18786980920164     0.00000000000019
5.18836470071266     0.00000000000000
5.18906405373150     0.00003878402833
5.18946732037198     0.00000000000000
5.18965320636921     0.00000001229033
5.19019543782657     0.00001680703239
5.19027902654293     0.00000000000003
5.19663091162695     0.00000000000000
5.19977890230018     0.00000000030360
5.20058904681023     0.00000005400889
5.20075152699828     0.00000000000000
5.53987648248279     0.00000000312319
5.53987910644246     0.00000000240087
5.57559564693811     0.00000000279285
5.57559824946041     0.00000000185035
5.57677026392432     0.00000000276356
5.57677282652943     0.00000000213960
5.57853278800046     0.00000000260489
5.57853531463892     0.00000000259771
5.58624029458633     0.00000000207107
5.58624506583438     0.00000000214289
5.59884220874236     0.00000000178616
5.59884481811746     0.00000000134458
5.60052243581479     0.00000000165755
5.60052497544161     0.00000000170451
5.60473498307068     0.00000000172986
5.60473754986310     0.00000000148257
5.60627152484610     0.00000000176534
5.60627865621595     0.00000000179549
5.61041960825196     0.00000000265614
5.61042171050771     0.00000000319017
5.61256952506057     0.00000000157221
5.61257667245649     0.00000000163196
5.61621243206134     0.00000000185784
5.61621358941335     0.00000000126877
5.61668228858665     0.00000000164483
5.61668341110520     0.00000000196646
5.61725512163651     0.00000000144599
5.61726228827085     0.00000000159249
5.61819972371630     0.00000000232823
5.61820105096191     0.00000000065491
5.62088959747070     0.00000000156705
5.62089230179007     0.00000000154027
5.62238600750071     0.00000000156007
5.62238860902532     0.00000000143814
5.62379747957776     0.00000000106195
5.62380004950243     0.00000000113676
5.62567488532995     0.00000000171502
5.62568200917246     0.00000000198071
5.62605113517553     0.00000000145011
5.62605365508903     0.00000000176845
5.62720021772118     0.00000000177249
5.62720282849973     0.00000000110506
5.62747249048458     0.00000000157561
5.62747513341446     0.00000000163493
5.62793045705552     0.00000000167282
5.62793300948312     0.00000000135980
5.62876986890771     0.00000000216543
5.62877196741392     0.00000000230228
5.62946156631537     0.00000000147470
5.62946431130784     0.00000000171338
5.62991401060056     0.00000000140573
5.62991659177864     0.00000000137991
5.63028093363055     0.00000000145352
5.63028345172843     0.00000000163325
5.63034050566478     0.00000000249980
5.63034196941704     0.00000000049137
5.63197212764372     0.00000000148738
5.63197465022929     0.00000000131096
5.63311442583634     0.00000000137284
5.63311695102994     0.00000000153292
5.63386520977417     0.00000000160006
5.63386628207005     0.00000000137763
5.63664357986402     0.00000000142443
5.63664615962503     0.00000000158266
5.63824788873258     0.00000000227259
5.63824851286042     0.00000000062295
5.63878944627956     0.00000000211563
5.63879204060447     0.00000000186192
5.63951182901742     0.00000000125915
5.63951443353554     0.00000000154626
5.63997136574691     0.00000000163087
5.63997844903524     0.00000000123683
5.63998286573813     0.00000000292991
5.63999133561889     0.00000000250673
5.64166387371899     0.00000000213173
5.64166598318470     0.00000000175979
5.64414226986979     0.00000000137112
5.64415063589917     0.00000000135206
5.64655370331637     0.00000000261404
5.64655679601891     0.00000000276015
5.64717701702351     0.00000000078453
5.64718340210749     0.00000000081201
5.65082857905247     0.00000000185179
5.65083556733005     0.00000000192920
5.65124488890753     0.00000000186904
5.65125185801774     0.00000000188042
5.65152939879848     0.00000000177080
5.65153145652988     0.00000000227164
5.65201216507157     0.00000000184040
5.65201912586998     0.00000000180640
5.65254196012910     0.00000000144198
5.65255031996058     0.00000000132645
5.65292581024316     0.00000000180322
5.65293280444760     0.00000000178748
5.65466390180177     0.00000000227398
5.65466650882402     0.00000000137649
5.65472093957573     0.00000000190388
5.65472783589488     0.00000000189833
5.65479860854725     0.00000000140961
5.65480039024557     0.00000000150032
5.65560435355641     0.00000000028191
5.65561013978847     0.00000000026953
5.65575742834163     0.00000000066226
5.65575842690443     0.00000000045682
5.65666273630534     0.00000000361125
5.65666595368280     0.00000000389872
5.65675497809787     0.00000000148015
5.65676318249822     0.00000000145445
5.65695240605813     0.00000000118981
5.65695423692051     0.00000000128979
5.65755831980671     0.00000000060758
5.65756531096361     0.00000000061163
5.65914079311823     0.00000000150709
5.65914338684903     0.00000000163151
5.65935714443611     0.00000000075842
5.65935816351193     0.00000000079143
5.65949683058479     0.00000000162352
5.65949751496110     0.00000000269320
5.65968866227441     0.00000000173195
5.65969566792153     0.00000000159460
5.66011159226142     0.00000000097701
5.66011348687234     0.00000000146432
5.66013826763330     0.00000000086249
5.66014113317554     0.00000000087214
5.66077585625933     0.00000000152746
5.66077761473333     0.00000000017591
5.66083441988499     0.00000000196017
5.66084266755634     0.00000000181227
5.66108504945333     0.00000000182084
5.66108602355712     0.00000000114415
5.66211644478264     0.00000000214301
5.66211850893280     0.00000000225234
5.66292063008920     0.00000000154200
5.66292269464226     0.00000000211223
5.66299253076241     0.00000000336278
5.66299385191407     0.00000000024337
5.66341686320040     0.00000000104381
5.66341977072688     0.00000000096062
5.66380080017364     0.00000000128767
5.66380347598807     0.00000000141578
5.66408298609485     0.00000000227734
5.66408562317289     0.00000000120002
5.66444987025089     0.00000000063225
5.66445287057945     0.00000000052171
5.66451432666264     0.00000000064024
5.66451619498000     0.00000000089207
5.66507867549455     0.00000000227512
5.66508693038476     0.00000000235276
5.66528861552927     0.00000000126642
5.66529117396739     0.00000000156097
5.66542548459998     0.00000000161628
5.66542806551278     0.00000000159387
5.66555115325649     0.00000000001849
5.66556005448342     0.00000000157127
5.66568008207668     0.00000000236909
5.66568707242195     0.00000000259526
5.66657245173990     0.00000000087200
5.66657318414333     0.00000000229285
5.66663883774733     0.00000000155067
5.66664090987237     0.00000000219407
5.66686028651115     0.00000000032033
5.66686727937092     0.00000000032285
5.66692668226544     0.00000000044943
5.66692769416764     0.00000000071667
5.66701133645967     0.00000000160723
5.66701375106938     0.00000000182980
5.66738886484869     0.00000000097707
5.66738998313360     0.00000000049827
5.66782011131540     0.00000000201346
5.66782708237552     0.00000000210418
5.66857612548868     0.00000000078209
5.66858318317724     0.00000000078879
5.66878210170028     0.00000000168283
5.66878424504458     0.00000000135853
5.66920229794353     0.00000000071520
5.66920673589863     0.00000000067524
5.66926480583567     0.00000000147106
5.66926549049319     0.00000000211787
5.66977926326317     0.00000000080277
5.66978239872524     0.00000000049114
5.66992229957760     0.00000000198500
5.66992897569154     0.00000000247179
5.66993452676754     0.00000000108277
5.66993684974795     0.00000000074888
5.67013451194464     0.00000000123217
5.67014293755252     0.00000000124065
5.67029501691522     0.00000000077683
5.67029760777136     0.00000000050231
5.67040313276916     0.00000000000397
5.67040872300338     0.00000000000400
5.67050907601175     0.00000000063012
5.67051156476151     0.00000000068398
5.67090363595995     0.00000000157429
