# Absorption spectrum
# exc. energy / eV    osc. strength
4.94776778677223     0.00000612377673
4.94895381086478     0.00000000000003
4.95024006568090     0.00000000000589
4.95040583210556     0.00000731367163
4.95199454445594     0.00015377139965
4.95205400080685     0.00000001326388
4.95250051452972     0.00015067089598
4.95298142237388     0.00000000012751
4.95336586777455     0.00000000307796
4.95358309195972     0.00025614228095
4.95389420520725     0.00022797681134
4.95438946316513     0.00000000001234
4.95515924722095     0.00003617941375
4.95685230268947     0.00000000061168
4.95748989745943     0.00056266811814
4.95758099115538     0.00000000218553
4.95809631124802     0.00000000025080
4.95869370287553     0.00001433066781
4.95962591656911     0.00004247120606
4.96047245293008     0.00008890880722
4.96156055204338     0.00029436314375
4.96185836597864     0.00000000078730
4.96242041536824     0.00000000021761
4.96360077079678     0.00017190125972
4.96471518615834     0.00000000019284
4.96559090060288     0.00144792449334
4.96587218423200     0.00000000007331
4.96746183623896     0.00000000043684
4.96829004507845     0.00020013125497
4.96887027127829     0.00135294536591
4.96938514657962     0.00000000000297
4.97121328063164     0.00180514847488
4.97145973644939     0.00000000746886
4.97220361715793     0.00000000366850
4.97259491916892     0.00239248795771
4.97472246731935     0.00027512833502
4.97531537181528     0.00000000003750
4.97599730090032     0.00000000014823
4.97665637824290     0.00011644089162
4.97786244738841     0.00000000002100
4.97800295352938     0.00000619568759
4.97837623886615     0.00000085332650
4.97847464743481     0.00000000000043
4.97939644681185     0.00000000000027
4.97987064551614     0.00000000000193
4.98041534433320     0.00000017791341
4.98077964624482     0.00000822483278
4.98202782996191     0.00000000000231
4.98275954725175     0.00001076144108
4.98340193591586     0.00000150019688
4.98397658024092     0.00000000000111
4.98508591066153     0.00000000000122
4.98568986334329     0.00000481146321
4.98620238274115     0.00000000000078
4.98655617446918     0.00000198563201
4.98745158639522     0.00000000002107
4.98797035019643     0.00001438316915
4.98803439061063     0.00000000010669
4.98921763622764     0.00000000005758
4.98965702314497     0.00003126121941
4.99022175441299     0.00000000000028
4.99075654423375     0.00001287757153
4.99232767302950     0.00000000001758
4.99241417505778     0.00001292435515
4.99303859296990     0.00000969135330
4.99394739732705     0.00000000000232
4.99426055660028     0.00000000028292
4.99476369963714     0.00000657985010
4.99480656346856     0.00040285296331
4.99505613443413     0.00000000232441
4.99570953600554     0.00005246884011
4.99617036735660     0.00000000000363
4.99642284625745     0.00025563530433
4.99770014697079     0.00000000023399
4.99826916188252     0.00000000153278
4.99870869090160     0.00024862282046
4.99926062677386     0.00007343278321
5.00025435538968     0.00000000041104
5.00046112934531     0.00012534466245
5.00154564568370     0.00000000007921
5.00229188601568     0.00002371483235
5.00384704125063     0.00007370595276
5.00551183676638     0.00000000000464
5.00779400055634     0.00000000000099
5.00954410679350     0.00000000000124
5.01039382688646     0.00000115599141
5.01041924958941     0.00000000004248
5.01063118231753     0.00000335822851
5.01119482641399     0.00000000023734
5.01119702910431     0.00000118925227
5.01181144403498     0.00000037722138
5.01291509522971     0.00000221160370
5.01328300306213     0.00000000000007
5.01410458191109     0.00001264841519
5.01422025512978     0.00000000000703
5.01472207796005     0.00000000003073
5.01482217458951     0.00000145494072
5.01581816236817     0.00000000004604
5.01588868334747     0.00011236226892
5.01678361928919     0.00000000020524
5.01697554381087     0.00007230899892
5.01768232850198     0.00000000001564
5.01820791082519     0.00001191127328
5.01877281695179     0.00000000000070
5.02007470935990     0.00015455583846
5.02061402897347     0.00001900856814
5.02086300152001     0.00000000061514
5.02360096680789     0.00000000001096
5.02413773692770     0.00000522645572
5.02450011966348     0.00000024629124
5.02463208455156     0.00000000000649
5.02643686271118     0.00000000000832
5.02697554592669     0.00000172563822
5.02844590518007     0.00000000000256
5.02911953532300     0.00000002099663
5.02933628020426     0.00000000000025
5.03057707069943     0.00000128096630
5.03164153528501     0.00000000000153
5.03192026552771     0.00000357279976
5.03312019775134     0.00000000001211
5.03329933069201     0.00000077262269
5.03405182252227     0.00000000000099
5.03418872323785     0.00000000926144
5.03452423721636     0.00000398545910
5.03532866836011     0.00000000000012
5.03589621775144     0.00000000000003
5.03681510167804     0.00000000000045
5.03709602555108     0.00000054785087
5.03741940910874     0.00000000000047
5.03779655514574     0.00000030941489
5.03868665481148     0.00000000000209
5.03876470527855     0.00000050387621
5.03929933096028     0.00000000000063
5.03977276375745     0.00000233236077
5.03996390897572     0.00000000001782
5.04071860737528     0.00000000000042
5.04123457379487     0.00000099637012
5.04169762025760     0.00000758266482
5.04217215882895     0.00000812015351
5.04335132211247     0.00000000000506
5.04367378685824     0.00002074597182
5.04481025001424     0.00000912010509
5.04487208174185     0.00000000015319
5.04519307739390     0.00000003855656
5.04656529337081     0.00000000000268
5.04709144499715     0.00000000000024
5.04729716117192     0.00000091532754
5.04801056641043     0.00000000000035
5.04843123374971     0.00000064099320
5.04882376543220     0.00000001423171
5.04886925965931     0.00000000000087
5.04909399821824     0.00000000000014
5.04940617290115     0.00000000000001
5.04972159582426     0.00000006901670
5.04979529268380     0.00000000000149
5.05079691458139     0.00000000099309
5.05079984281268     0.00000012731742
5.05139337230314     0.00000001387664
5.05196187986709     0.00000000807647
5.05245020225088     0.00000000000043
5.05331745601030     0.00000018809770
5.05367856129200     0.00000000000151
5.05374927858272     0.00000146741197
5.05455141263958     0.00000000866312
5.05481485227706     0.00000000000702
5.05503331836115     0.00000117721752
5.05521165708521     0.00000000000039
5.05576742092693     0.00000012200234
5.05603372246688     0.00000000000003
5.05670346740847     0.00000000000007
5.05679149854572     0.00000012909722
5.05760266824782     0.00000000974016
5.05780767728451     0.00000000000006
5.05868718173738     0.00000017007332
5.05899260591596     0.00000000000000
5.06031168389198     0.00000065069042
5.06046772793675     0.00000272907495
5.06098394514342     0.00000000000012
5.06190779660247     0.00000055451334
5.06234242403980     0.00000000000000
5.06279885678552     0.00000000000002
5.06392910701402     0.00000077650657
5.06488014461282     0.00000066218092
5.06591385750316     0.00000000000061
5.06640205857528     0.00000208156549
5.06696681786914     0.00000000000015
5.06831088749712     0.00000000000001
5.06960234777825     0.00000010981652
5.07091186115531     0.00000000316084
5.07091287327883     0.00000039855689
5.07217924745170     0.00000196123543
5.07232613832759     0.00000000000325
5.07408665075967     0.00000000000006
5.07894654987775     0.00000129710540
5.08020172376995     0.00000119167748
5.08024788364041     0.00000000000378
5.08134793896415     0.00000000000003
5.08265749538511     0.00000000000009
5.08305480509572     0.00000032787336
5.08884886487785     0.00000000000000
5.08985717629587     0.00000002438399
5.09940127277417     0.00000000000000
5.10129850579333     0.00005705245779
5.15373974151068     0.00000000000007
5.15401635544958     0.00000083716393
5.15430883379513     0.00000155292005
5.15434401844129     0.00000000072284
5.15434523858719     0.00000088539321
5.15439283612651     0.00000000001144
5.15451087091775     0.00000066290537
5.15452848198022     0.00000000000701
5.15457359386274     0.00000000001192
5.15468065135948     0.00001047136516
5.15472361657751     0.00000000000044
5.15473079895778     0.00000000470011
5.15482363013262     0.00000001074614
5.15487390213119     0.00000000013917
5.15489200774718     0.00000000004545
5.15491576091340     0.00000995682453
5.15496499440364     0.00000070331383
5.15503723732401     0.00000000000722
5.15504593083111     0.00000038318724
5.15512203741103     0.00000000005154
5.15520733330205     0.00000000656839
5.15521803246484     0.00001984910468
5.15526239739656     0.00000006184206
5.15534641342580     0.00003355849636
5.15539409735702     0.00000000537483
5.15540879373851     0.00000596879085
5.15554249443773     0.00000000031099
5.15556274571289     0.00000260817068
5.15557935515023     0.00000000018861
5.15567509385246     0.00000000008929
5.15573070102335     0.00000798971819
5.15579664047017     0.00000670780463
5.15582792929837     0.00000000026231
5.15587478803953     0.00000000483031
5.15589306282619     0.00004415809625
5.15594199567407     0.00000775456004
5.15598996556809     0.00001543092261
5.15599088799997     0.00000066640302
5.15609687409819     0.00000000000180
5.15616235628658     0.00000313242593
5.15617289852452     0.00000000003182
5.15621398943339     0.00000264837762
5.15622291652789     0.00000000003883
5.15634174117249     0.00000000001417
5.15650970057910     0.00000001964577
5.15651603509769     0.00002521417925
5.15658934578101     0.00001700879376
5.15662370944545     0.00000000022101
5.15664951036900     0.00001304673278
5.15675541712198     0.00001872117020
5.15681682745966     0.00000000000008
5.15686913594629     0.00000000001884
5.15691491987886     0.00000218808161
5.15699806834296     0.00000000000805
5.15702702619567     0.00000146365613
5.15705160303969     0.00000000008333
5.15707024094403     0.00000636275753
5.15715930877924     0.00000000063793
5.15717536025491     0.00008638354237
5.15726729244307     0.00000000000202
5.15733017261453     0.00004003593103
5.15746067051219     0.00000000167112
5.15746322367483     0.00000000717659
5.15751907961918     0.00032090210457
5.15768462598575     0.00000000000231
5.15772459214557     0.00001123148144
5.15784451200880     0.00000000002151
5.15786135422704     0.00000000007960
5.15795343888404     0.00000012219958
5.15797306637709     0.00000000000095
5.15801293861893     0.00000973448750
5.15816926760275     0.00000000000021
5.15824184870572     0.00000000000021
5.15825102471049     0.00002081731664
5.15828839248625     0.00000000001228
5.15836209312154     0.00000000000001
5.15841374015616     0.00000001183071
5.15841681422941     0.00000505398881
5.15850096590001     0.00000508630648
5.15860602357066     0.00000000003161
5.15865698405983     0.00000010072536
5.15882178915418     0.00000038309499
5.15884718124024     0.00000032928474
5.15884956883660     0.00000000026569
5.15888022142248     0.00000000000688
5.15905776192477     0.00000321474219
5.15910583235196     0.00000000000136
5.15922357264821     0.00000748763898
5.15925510165685     0.00000081998554
5.15926380516424     0.00000000002011
5.15939411302401     0.00000040813842
5.15947579921874     0.00000003993305
5.15954271089679     0.00000000001144
5.15957821320181     0.00001111854379
5.15970142420936     0.00000000020697
5.15970752758540     0.00000037879152
5.15981558333460     0.00000008282106
5.15994563927979     0.00000000003369
5.16001235793939     0.00000000096733
5.16001443801684     0.00001118581680
5.16010319646829     0.00000000000276
5.16018087210320     0.00000689564161
5.16023100247123     0.00000000001507
5.16039357710469     0.00000989909632
5.16057319789283     0.00000000000180
5.16068270002509     0.00000128222553
5.16071272445308     0.00000000002262
5.16094556001936     0.00000000000451
5.16097899478748     0.00000000000004
5.16112495414349     0.00000076057185
5.16115356108991     0.00000000003116
5.16117159175290     0.00000000461787
5.16135665626518     0.00000737558754
5.16141728382184     0.00000000009912
5.16155585256693     0.00001770897494
5.16167277713138     0.00000000000259
5.16182464202684     0.00000000000014
5.16184624106908     0.00000002361790
5.16191321840533     0.00001404065597
5.16200378933935     0.00000525428386
5.16204235113611     0.00000000001455
5.16233999517507     0.00005452896462
5.16236253924249     0.00000000000036
5.16245690510842     0.00000000000081
5.16249595314375     0.00000383096950
5.16280222470967     0.00001420093363
5.16284554231425     0.00000000003802
5.16292722126806     0.00000000000009
5.16300807347601     0.00000052627376
5.16304088276922     0.00000000000692
5.16321387677709     0.00000000001454
5.16321613571574     0.00000132489311
5.16348950039847     0.00000002100489
5.16392090890642     0.00000267247244
5.16410754664229     0.00000000000331
5.16420678838664     0.00000189950407
5.16440733029050     0.00001562370817
5.16451037047071     0.00000000004165
5.16474732897301     0.00000000000003
5.16491640973841     0.00000054828660
5.16495301863192     0.00000000001171
5.16498471394703     0.00000154291740
5.16517154465927     0.00000000000067
5.16521875642580     0.00000000000116
5.16544574436790     0.00000015911857
5.16552882158894     0.00000264267234
5.16553367035976     0.00000000030629
5.16561007919714     0.00000000001136
5.16566290235353     0.00000017115982
5.16592728124412     0.00000000000147
5.16653643870930     0.00000379734207
5.16659704184351     0.00000000009975
5.16667773946290     0.00007103969268
5.16696325845619     0.00000000003626
5.16703010092963     0.00000000000064
5.16721501519547     0.00000002589278
5.16742893298388     0.00000000000352
5.16756085852273     0.00000628046154
5.16783337378623     0.00000000000166
5.16821337685853     0.00000016640020
5.16849444521594     0.00000025028828
5.16889554218458     0.00000184959379
5.16966737414083     0.00000472129137
5.16967367658675     0.00000000021893
5.16972538951800     0.00000145772124
5.16999703716835     0.00000000000001
5.17096832304254     0.00000000000000
5.17157310070879     0.00000000000027
5.17160693859669     0.00000000000188
5.17171093794683     0.00000215183700
5.17211693858296     0.00000000000044
5.17226822019410     0.00000644183557
5.17275093823226     0.00000050702797
5.17275549153620     0.00000000021473
5.17330960759996     0.00000000000002
5.17365662676680     0.00000004581687
5.17422429250995     0.00000000000071
5.17561964747000     0.00000000000000
5.17592447850204     0.00000000257347
5.17626526636781     0.00000020103813
5.17682226551246     0.00000000000033
5.17713382507493     0.00000029371721
5.17725815749571     0.00000000022547
5.17805978288726     0.00000000127389
5.17811542368247     0.00000000000000
5.17953222938123     0.00004095484284
5.17982166756862     0.00001125937048
5.18133054777485     0.00000000000010
5.18147088332621     0.00000086911207
5.18156294868969     0.00000000000000
5.18228863884239     0.00000000000001
5.18584791282032     0.00005903927882
5.18786980920084     0.00000000000001
5.18836470071261     0.00000000000004
5.18891246463646     0.00000018018558
5.18946732037195     0.00000000000001
5.18965280848035     0.00000016424482
5.19013922895596     0.00000005486485
5.19027902654288     0.00000000000000
5.19663091162698     0.00000000000000
5.19977889726433     0.00000000196718
5.20058882506670     0.00000000000000
5.20075152699831     0.00000000000000
5.38870110154764     0.11828905604981
5.53987664319513     0.00000014235473
5.53987924499801     0.00000013763709
5.57559577434290     0.00000009619594
5.57559834134952     0.00000007552666
5.57677038599964     0.00000009163336
5.57677292976854     0.00000008464849
5.57853290022306     0.00000008306905
5.57853543738040     0.00000009975203
5.58624040498449     0.00000007956588
5.58624518581547     0.00000009066053
5.59884235024647     0.00000008981398
5.59884493582701     0.00000008255943
5.60052260035605     0.00000009831055
5.60052517024614     0.00000013400089
5.60473512375003     0.00000008671802
5.60473768409196     0.00000009211896
5.60627162341968     0.00000006463681
5.60627875935522     0.00000006956372
5.61041980858205     0.00000010867892
5.61042201496770     0.00000020900517
5.61256964499296     0.00000007351809
5.61257680148187     0.00000008180433
5.61621252572142     0.00000005720286
5.61621366346380     0.00000005235446
5.61668238744311     0.00000005513128
5.61668355767181     0.00000010129992
5.61725523934032     0.00000007100732
5.61726242253564     0.00000008388804
5.61819987733512     0.00000009591861
5.61820110169175     0.00000003719401
5.62088968063229     0.00000005143702
5.62089238884161     0.00000005733437
5.62238611730686     0.00000006415338
5.62238871915248     0.00000007003801
5.62379758288669     0.00000005864151
5.62380017011998     0.00000007468332
5.62567502651868     0.00000008400234
5.62568217950542     0.00000010585262
5.62605126229643     0.00000007096378
5.62605382966420     0.00000010973695
5.62720032532259     0.00000006803622
5.62720290038538     0.00000004871745
5.62747257160366     0.00000005379853
5.62747522062907     0.00000006348259
5.62793055147762     0.00000006053732
5.62793309159208     0.00000005653535
5.62877003175684     0.00000008665200
5.62877217356241     0.00000013060056
5.62946167269567     0.00000006231952
5.62946444589791     0.00000008624673
5.62991410659133     0.00000006018345
5.62991669350089     0.00000006884802
5.63028105024243     0.00000006518624
5.63028359802313     0.00000009008740
5.63034066376948     0.00000010235862
5.63034200509619     0.00000002652888
5.63197222987101     0.00000006232743
5.63197474774254     0.00000006437654
5.63311451990663     0.00000005370904
5.63311706471618     0.00000007067158
5.63386530236002     0.00000005496893
5.63386637704312     0.00000006718396
5.63664367637330     0.00000005008732
5.63664627378497     0.00000006559223
5.63824815603916     0.00000010242760
5.63824867441857     0.00000013645562
5.63878961393429     0.00000009122684
5.63879220857016     0.00000010405361
5.63951191619786     0.00000005248764
5.63951454924112     0.00000007524596
5.63997142749973     0.00000003978651
5.63997848930610     0.00000002636229
5.63998307862181     0.00000012161365
5.63999153585698     0.00000011786178
5.64166402999022     0.00000008224836
5.64166613235124     0.00000009078414
5.64414236767676     0.00000005908823
5.64415073464545     0.00000006106675
5.64655370636283     0.00000001137043
5.64655679974571     0.00000001231010
5.64717730031865     0.00000013876654
5.64718372083844     0.00000017156042
5.65082875327793     0.00000009662020
5.65083575874952     0.00000011174136
5.65124502370550     0.00000007538099
5.65125199903459     0.00000008207442
5.65152953828618     0.00000006934944
5.65153166820798     0.00000012451314
5.65201231399895     0.00000008090054
5.65201927749426     0.00000008656784
5.65254202013538     0.00000004516880
5.65255037594886     0.00000004271538
5.65292598576092     0.00000009594360
5.65293298767941     0.00000010536784
5.65466407370203     0.00000009685441
5.65466662469282     0.00000007329649
5.65472104010887     0.00000005459766
5.65472793888409     0.00000005749661
5.65479864711988     0.00000005104681
5.65480043232585     0.00000005964007
5.65560437747973     0.00000001314707
5.65561016284074     0.00000001277521
5.65575744981156     0.00000003947210
5.65575844232011     0.00000002931564
5.65666300433409     0.00000013237575
5.65666630329614     0.00000020900969
5.65675511507604     0.00000007496968
5.65676332135966     0.00000007858536
5.65695236168167     0.00000004027467
5.65695419227399     0.00000003957622
5.65755830034818     0.00000002604362
5.65756529189315     0.00000002589535
5.65914086570879     0.00000005620825
5.65914347017827     0.00000006862777
5.65935722584680     0.00000003436252
5.65935826458363     0.00000005122069
5.65949691426443     0.00000003676711
5.65949772086215     0.00000013406560
5.65968881183797     0.00000009243610
5.65969581151309     0.00000009253668
5.66011162694260     0.00000003778941
5.66011354056598     0.00000006207907
5.66013827524530     0.00000003264140
5.66014114147350     0.00000003344856
5.66077562551958     0.00000009090049
5.66077759280344     0.00000000798333
5.66083457756914     0.00000008501527
5.66084281856323     0.00000008487919
5.66108513580302     0.00000006184889
5.66108608695492     0.00000005307553
5.66211659675056     0.00000007575876
5.66211869577782     0.00000011035989
5.66292072376595     0.00000005771749
5.66292283845056     0.00000009923789
5.66299275255867     0.00000012880837
5.66299387150070     0.00000001386488
5.66341675496595     0.00000003901233
5.66341967805417     0.00000003130651
5.66380092818093     0.00000009081528
5.66380363252596     0.00000012339371
5.66408313269369     0.00000009929387
5.66408570756877     0.00000006247431
5.66444979583908     0.00000002928845
5.66445281155533     0.00000002212453
5.66451425668838     0.00000002871192
5.66451610837741     0.00000003379471
5.66507883384300     0.00000008381808
5.66508710071509     0.00000009380462
5.66528871413073     0.00000008988178
5.66529130710856     0.00000013270591
5.66542532061383     0.00000001286166
5.66542792187396     0.00000000998890
5.66555115496721     0.00000000086171
5.66556020333420     0.00000007620801
5.66568019170449     0.00000006204053
5.66568719578554     0.00000007257762
5.66657249496297     0.00000002963646
5.66657332903329     0.00000012643759
5.66663890001617     0.00000005730222
5.66664100536892     0.00000009427917
5.66686037287069     0.00000004093302
5.66686737071062     0.00000004431534
5.66692674602757     0.00000002793171
5.66692781589428     0.00000006374958
5.66701134669724     0.00000001046764
5.66701376226324     0.00000001193372
5.66738895515043     0.00000004376934
5.66739003560471     0.00000002896633
5.66782026255012     0.00000008174194
5.66782724775219     0.00000009356181
5.66857600578556     0.00000002756730
5.66858306379753     0.00000002621348
5.66878220717350     0.00000006752191
5.66878433858432     0.00000006567099
5.66920236451866     0.00000005118332
5.66920680696752     0.00000005702727
5.66926478023772     0.00000001711025
5.66926545914065     0.00000002263972
5.66977931262228     0.00000002834127
5.66978242901646     0.00000001828929
5.66992234298356     0.00000000000226
5.66992901442268     0.00000000125425
5.66993464388719     0.00000006225562
5.66993697875591     0.00000007098004
5.67013456889925     0.00000003982409
5.67014299565009     0.00000004116953
5.67029484854802     0.00000004940208
5.67029751228068     0.00000002659540
5.67040319722139     0.00000000972797
5.67040879534688     0.00000001102178
5.67050915321039     0.00000003763574
5.67051165701387     0.00000004488361
5.67090361019670     0.00000007321549
